8428	11840	13
0.9241247773170471	0.05150669068098068	-0.030841592699289322	0.22018581628799438	0.820033073425293	1.0	12	0.0	0	0.0	0	-0.8781881332397461	-0.47783809900283813	0.0213633943349123	-0.4760934114456177	0.877536416053772	0.05714070796966553	-0.046051155775785446	0.04000931605696678	-0.9981375336647034
0.9109505414962769	0.08351031690835953	-0.10367656499147415	0.22337637841701508	0.8282467722892761	1.0	12	0.0	0	0.0	0	-0.8458107113838196	-0.5148293972015381	-0.13983923196792603	-0.5254575610160828	0.8492524027824402	0.05161997303366661	0.09218332171440125	0.11714030802249908	-0.9888277649879456
0.9362991452217102	0.03404604643583298	-0.07979176938533783	0.2174597978591919	0.8252708315849304	1.0	12	0.0	0	0.0	0	-0.8626604676246643	-0.4926436245441437	-0.11453918367624283	-0.5006216168403625	0.8639436960220337	0.054582349956035614	0.07206576317548752	0.10442683100700378	-0.99191814661026
0.9192115664482117	0.07041392475366592	0.020312076434493065	0.22298763692378998	0.8146036267280579	1.0	12	0.0	0	0.0	0	-0.863375723361969	-0.47929713129997253	0.15765991806983948	-0.47702714800834656	0.8771998286247253	0.0544578842818737	-0.16440075635910034	-0.02819044515490532	-0.9859907627105713
0.8977572917938232	0.09807711839675903	-0.046682968735694885	0.22586005926132202	0.822090744972229	1.0	12	0.0	0	0.0	0	-0.861412525177002	-0.5079053044319153	0.0007935066823847592	-0.5071260929107666	0.860175371170044	0.05405058711767197	-0.028135133907198906	0.04615744575858116	-0.9985378980636597
0.8926029801368713	0.11421560496091843	0.012870075181126595	0.2284240573644638	0.8157087564468384	1.0	12	0.0	0	0.0	0	-0.8484504222869873	-0.5139654278755188	0.12637795507907867	-0.511686384677887	0.8575728535652161	0.052401017397642136	-0.1353106051683426	-0.020206211134791374	-0.9905971884727478
0.8674331903457642	0.14855723083019257	-0.06050683557987213	0.23206673562526703	0.8239483833312988	1.0	12	0.0	0	0.0	0	-0.846164882183075	-0.532522976398468	-0.020600205287337303	-0.5328251123428345	0.8446455001831055	0.0516873337328434	-0.010124818421900272	0.05471230670809746	-0.9984508156776428
0.8817943334579468	0.13708236813545227	-0.12615251541137695	0.2298399806022644	0.8310922384262085	1.0	12	0.0	0	0.0	0	-0.8294779062271118	-0.5338701009750366	-0.16416209936141968	-0.5474206209182739	0.8354116678237915	0.049175113439559937	0.11088979244232178	0.13065537810325623	-0.9852069020271301
0.9216268062591553	0.08993842452764511	0.07146153599023819	0.22567680478096008	0.8090896010398865	1.0	12	0.0	0	0.0	0	-0.8157526254653931	-0.4989919066429138	0.29249778389930725	-0.5158924460411072	0.8563669919967651	0.022152867168188095	-0.261539489030838	-0.13282611966133118	-0.9560096263885498
0.8926029801368713	0.11421560496091843	0.012870075181126595	0.2284240424633026	0.8157088160514832	1.0	12	0.0	0	0.0	0	-0.8484504222869873	-0.5139654278755188	0.12637795507907867	-0.5116561651229858	0.857577383518219	0.05262167379260063	-0.13542458415031433	-0.020015180110931396	-0.9905855059623718
0.9192115664482117	0.07041392475366592	0.020312076434493065	0.22298762202262878	0.8146036267280579	1.0	12	0.0	0	0.0	0	-0.863375723361969	-0.47929713129997253	0.15765991806983948	-0.4776703119277954	0.8770822286605835	0.050576820969581604	-0.16252201795578003	-0.03164266422390938	-0.9861974120140076
0.9314126372337341	0.10924873501062393	0.12039914727210999	0.22746533155441284	0.8026587963104248	1.0	12	0.0	0	0.0	0	-0.7304455637931824	-0.5347872376441956	0.4247961938381195	-0.5161938667297363	0.8395635485649109	0.16934263706207275	-0.44720572233200073	-0.09558161348104477	-0.8893094658851624
0.8955509066581726	0.1312103420495987	0.07241354882717133	0.2309931367635727	0.8092870712280273	1.0	12	0.0	0	0.0	0	-0.8042162656784058	-0.5372632145881653	0.2541348934173584	-0.5396069884300232	0.8392713069915771	0.06669211387634277	-0.249119371175766	-0.08349809050559998	-0.9648666977882385
0.9066362977027893	0.14834310114383698	0.12937843799591064	0.2334747165441513	0.803024172782898	1.0	12	0.0	0	0.0	0	-0.7269423007965088	-0.572300374507904	0.3795091211795807	-0.6060019731521606	0.7945816516876221	0.03744040057063103	-0.32297810912132263	-0.2027662694454193	-0.9244301319122314
0.8654803037643433	0.17643554508686066	0.0766410157084465	0.23693616688251495	0.8089529275894165	1.0	12	0.0	0	0.0	0	-0.7910056710243225	-0.5705019235610962	0.2209920734167099	-0.5824741125106812	0.812741219997406	0.013259615749120712	-0.1871739774942398	-0.11823371052742004	-0.9751854538917542
0.8619748950004578	0.1618758887052536	0.00807655043900013	0.23439422249794006	0.816543698310852	1.0	12	0.0	0	0.0	0	-0.8316535949707031	-0.5464803576469421	0.09854713827371597	-0.5452278852462769	0.8372538089752197	0.04162582755088806	-0.10525666177272797	-0.019112378358840942	-0.9942614436149597
0.8331793546676636	0.2016977071762085	-0.07265176624059677	0.23865343630313873	0.8256309032440186	0.9997105426049413	12	0.00028945739505864727	1	0.0	0	-0.8250512480735779	-0.5635337829589844	-0.04147535189986229	-0.5650162696838379	0.8236563801765442	0.048443764448165894	0.0068617407232522964	0.06340283900499344	-0.9979644417762756
0.8488486409187317	0.19349627196788788	-0.14750511944293976	0.23669679462909698	0.8338260054588318	1.0	12	0.0	0	0.0	0	-0.8088509440422058	-0.5591731667518616	-0.18189455568790436	-0.5750685930252075	0.8167961239814758	0.04626315087080002	0.12270165234804153	0.14202184975147247	-0.9822292327880859
0.8619748950004578	0.1618758887052536	0.00807655043900013	0.23439420759677887	0.8165438771247864	1.0	12	0.0	0	0.0	0	-0.8316535949707031	-0.5464803576469421	0.09854713827371597	-0.5443341732025146	0.8373838067054749	0.04988813400268555	-0.10978466272354126	-0.012152929790318012	-0.9938811659812927
0.8273492455482483	0.21221131086349487	0.00553574413061142	0.24075308442115784	0.8171406388282776	0.9969368944912905	12	0.0030631055087095194	1	0.0	0	-0.8115429282188416	-0.5794729590415955	0.07489475607872009	-0.5776032209396362	0.8149743676185608	0.046810075640678406	-0.08816248923540115	-0.005271065980195999	-0.9960922002792358
0.7950178384780884	0.2562394440174103	-0.08346056193113327	0.24546770751476288	0.82716304063797	0.9722087149229212	12	0.0277912850770788	1	0.0	0	-0.7992635369300842	-0.5980208516120911	-0.05957319587469101	-0.6006312370300293	0.7982430458068848	0.04527986794710159	0.020475581288337708	0.07197205722332001	-0.9971964359283447
0.8121240735054016	0.25147637724876404	-0.16802343726158142	0.24379292130470276	0.8364667892456055	0.9748658545143464	12	0.025134145485653587	1	0.0	0	-0.7833380103111267	-0.5892660021781921	-0.19785639643669128	-0.6070543527603149	0.7936698198318481	0.039666470140218735	0.1336585283279419	0.15118183195590973	-0.9794281125068665
0.8273492455482483	0.21221131086349487	0.00553574413061142	0.24075308442115784	0.8171405792236328	0.9969368944912905	12	0.0030631055087095194	1	0.0	0	-0.8115429282188416	-0.5794729590415955	0.07489475607872009	-0.5773475766181946	0.8149861693382263	0.04967309534549713	-0.08982240408658981	-0.0029284560587257147	-0.9959535598754883
0.8779796957969666	0.19162926077842712	0.14223000407218933	0.24149742722511292	0.7994328737258911	1.0	12	0.0	0	0.0	0	-0.7210507392883301	-0.6025440096855164	0.3420916795730591	-0.556829571723938	0.7977362275123596	0.2314254641532898	-0.41234293580055237	-0.023617252707481384	-0.910722553730011
0.8314191699028015	0.2245415896177292	0.08368971943855286	0.24296486377716064	0.8086043000221252	0.9933803217172203	12	0.006619678282779618	1	0.0	0	-0.7741751670837402	-0.6025058627128601	0.1940092146396637	-0.5968172550201416	0.7969275116920471	0.09335797280073166	-0.2108599841594696	-0.04351261258125305	-0.976547360420227
0.8454160094261169	0.2381870001554489	0.15844252705574036	0.2454032152891159	0.7999083995819092	0.9898526824577729	12	0.010147317542227039	1	0.0	0	-0.7104293704032898	-0.6302855610847473	0.3130979835987091	-0.6059945225715637	0.7740761637687683	0.18323969841003418	-0.3578549921512604	-0.05955679714679718	-0.9318759441375732
0.793366551399231	0.27444562315940857	0.09310030937194824	0.24937468767166138	0.8079071640968323	0.9652504445446154	12	0.03474955545538462	1	0.0	0	-0.7523930072784424	-0.6355955004692078	0.1729835420846939	-0.6394124627113342	0.7678186893463135	0.04007698595523834	-0.1582927405834198	-0.08045417815446854	-0.9841089844703674
0.788744330406189	0.26402825117111206	0.004847254604101181	0.24735552072525024	0.8175309896469116	0.9691507311552385	12	0.030849268844761444	1	0.0	0	-0.7867794036865234	-0.6147438883781433	0.05539195239543915	-0.6148415803909302	0.7884613275527954	0.017281215637922287	-0.05429793521761894	-0.02046077325940132	-0.9983152151107788
1.0141777992248535	-0.0850001722574234	-0.08596303313970566	0.19959375262260437	0.8246435523033142	1.0	12	0.0	0	0.0	0	-0.711083710193634	-0.6054847836494446	-0.35741883516311646	-0.6706667542457581	0.7367257475852966	0.08626269549131393	0.21108891069889069	0.3010489046573639	-0.9299521446228027
0.9756026864051819	-0.02792971208691597	-0.09211036562919617	0.20943550765514374	0.8261829018592834	1.0	12	0.0	0	0.0	0	-0.8134907484054565	-0.5274642705917358	-0.24497807025909424	-0.5576073527336121	0.8270763754844666	0.07084346562623978	0.16524820029735565	0.19423210620880127	-0.9669369459152222
0.9994940757751465	-0.042641669511795044	-0.12471660226583481	0.20682990550994873	0.8296781778335571	1.0	12	0.0	0	0.0	0	-0.7074345350265503	-0.5852052569389343	-0.3963220715522766	-0.6527026295661926	0.7560471892356873	0.04870181903243065	0.27113762497901917	0.29313379526138306	-0.9168189167976379
0.9921146035194397	-0.06819702684879303	-0.05860675871372223	0.20465487241744995	0.8221772313117981	1.0	12	0.0	0	0.0	0	-0.8206329345703125	-0.5303640961647034	-0.2127804309129715	-0.5543556213378906	0.8292393684387207	0.07107586413621902	0.1387498378753662	0.17628324031829834	-0.9745115637779236
0.9578367471694946	-0.010117008350789547	-0.05423487350344658	0.21223635971546173	0.8221473097801208	1.0	12	0.0	0	0.0	0	-0.8746780157089233	-0.47646450996398926	-0.08899375051259995	-0.48226040601730347	0.8738897442817688	0.06116930767893791	0.04862571880221367	0.09642160683870316	-0.9941521286964417
0.9362991452217102	0.03404604643583298	-0.07979176938533783	0.2174597978591919	0.8252708315849304	1.0	12	0.0	0	0.0	0	-0.8626604676246643	-0.4926436245441437	-0.11453918367624283	-0.5008329749107361	0.8636332154273987	0.05748060345649719	0.0706024020910263	0.10695125162601471	-0.991754412651062
0.9556056261062622	0.01882978528738022	-0.12440036237239838	0.2149265706539154	0.8300899267196655	1.0	12	0.0	0	0.0	0	-0.8045785427093506	-0.5281963348388672	-0.2714075446128845	-0.5608267784118652	0.826116681098938	0.05481560528278351	0.19526086747646332	0.19631607830524445	-0.9609022736549377
0.9816925525665283	0.0065314495004713535	-0.16280776262283325	0.21269111335277557	0.8342877626419067	1.0	12	0.0	0	0.0	0	-0.7016955018043518	-0.5710126757621765	-0.42610791325569153	-0.6479553580284119	0.7601398825645447	0.04838636890053749	0.2962723672389984	0.3100513815879822	-0.9033775329589844
0.9650139808654785	-0.02547207474708557	0.008048513904213905	0.2109835147857666	0.8152328729629517	1.0	12	0.0	0	0.0	0	-0.9066927433013916	-0.4153347909450531	0.07352057844400406	-0.4112991690635681	0.9092397093772888	0.0641573891043663	-0.09349462389945984	0.02793208695948124	-0.9952278733253479
0.9578367471694946	-0.010117008350789547	-0.05423487350344658	0.21223637461662292	0.8221474289894104	1.0	12	0.0	0	0.0	0	-0.8746780157089233	-0.47646450996398926	-0.08899375051259995	-0.48207253217697144	0.8742457628250122	0.057449765503406525	0.05042963847517967	0.09315148741006851	-0.9943739771842957
0.9756232500076294	-0.04806603491306305	-0.026827774941921234	0.20782162249088287	0.8188651204109192	1.0	12	0.0	0	0.0	0	-0.885565459728241	-0.4603768587112427	-0.061861712485551834	-0.4637534022331238	0.8838576078414917	0.061061978340148926	0.026565423235297203	0.0827629566192627	-0.9962151050567627
0.9604150652885437	-0.0014250294771045446	0.04449804127216339	0.21423737704753876	0.8114723563194275	1.0	12	0.0	0	0.0	0	-0.8964157104492188	-0.38738271594047546	0.2153448611497879	-0.3842858672142029	0.9214003682136536	0.05784285441040993	-0.2208261638879776	-0.030902741476893425	-0.9748234748840332
0.9465247988700867	0.010023492388427258	-0.012669582851231098	0.21518883109092712	0.8177524209022522	1.0	12	0.0	0	0.0	0	-0.8923518657684326	-0.44872426986694336	0.04852558299899101	-0.44581717252731323	0.893091082572937	0.06029525771737099	-0.07039369642734528	0.03217104449868202	-0.9970003962516785
0.9417948722839355	0.03158491104841232	0.03076942078769207	0.2182227224111557	0.813198447227478	1.0	12	0.0	0	0.0	0	-0.8785151243209839	-0.43852511048316956	0.18949143588542938	-0.4361884593963623	0.8981010317802429	0.056160684674978256	-0.19481031596660614	-0.03331596776843071	-0.9802749752998352
0.9619044065475464	0.023028623312711716	0.08094708621501923	0.21747103333473206	0.8077157139778137	1.0	12	0.0	0	0.0	0	-0.8498437404632568	-0.3819810450077057	0.36312004923820496	-0.39112114906311035	0.9189105033874512	0.05126285180449486	-0.3532562553882599	-0.09845850616693497	-0.9303311705589294
0.9417948722839355	0.03158491104841232	0.03076942078769207	0.2182227075099945	0.8131985664367676	1.0	12	0.0	0	0.0	0	-0.8785151243209839	-0.43852511048316956	0.18949143588542938	-0.43546879291534424	0.8982177972793579	0.05976415425539017	-0.19641266763210297	-0.03001389093697071	-0.9800618886947632
0.9604150652885437	-0.0014250294771045446	0.04449804127216339	0.21423737704753876	0.8114723563194275	1.0	12	0.0	0	0.0	0	-0.8964157104492188	-0.38738271594047546	0.2153448611497879	-0.3812391757965088	0.9217371344566345	0.07111617922782898	-0.2260405421257019	-0.01834823191165924	-0.9739450812339783
0.9695388078689575	0.04684102162718773	0.1158219426870346	0.22068095207214355	0.8039757609367371	1.0	12	0.0	0	0.0	0	-0.7569611072540283	-0.40162912011146545	0.5154647827148438	-0.45501184463500977	0.8901241421699524	0.025362500920891762	-0.46901392936706543	-0.2153441458940506	-0.8565353751182556
0.9437195062637329	0.05362644046545029	0.0742068812251091	0.22121156752109528	0.8086228966712952	1.0	12	0.0	0	0.0	0	-0.8291708827018738	-0.4496670067310333	0.332077294588089	-0.46479469537734985	0.884631335735321	0.03732665255665779	-0.3105505406856537	-0.123397596180439	-0.9425133466720581
0.9523477554321289	0.07520568370819092	0.11576758325099945	0.2240876406431198	0.8039737343788147	1.0	12	0.0	0	0.0	0	-0.7370122075080872	-0.48183977603912354	0.47396576404571533	-0.5600842237472534	0.8279189467430115	-0.02925555221736431	-0.3783087730407715	-0.2870224416255951	-0.880057156085968
0.9833197593688965	0.06899385899305344	0.14759854972362518	0.47367268800735474	0.7072029113769531	1.0	12	0.0	0	0.0	0	-0.6103309988975525	-0.44637972116470337	0.6544013619422913	0.3713039457798004	-0.890946626663208	-0.2614336311817169	0.6997353434562683	0.0834207534790039	0.7095149159431458
0.9523477554321289	0.07520568370819092	0.11576758325099945	0.47145992517471313	0.7029833793640137	1.0	12	0.0	0	0.0	0	-0.7370122075080872	-0.48183977603912354	0.47396576404571533	0.3604072630405426	-0.8734154105186462	-0.3274937868118286	0.5717685222625732	-0.0705462098121643	0.8173763751983643
0.9695388078689575	0.04684102162718773	0.1158219426870346	0.47499552369117737	0.7039521336555481	1.0	12	0.0	0	0.0	0	-0.7569611072540283	-0.40162912011146545	0.5154647827148438	0.3488970994949341	-0.9153807759284973	-0.20087023079395294	0.5525218844413757	0.027793213725090027	0.8330349326133728
1.0030500888824463	0.08858846873044968	0.17495152354240417	0.47168219089508057	0.7113715410232544	1.0	12	0.0	0	0.0	0	-0.4254680275917053	-0.5075951814651489	0.7492156028747559	0.20373055338859558	-0.8603584170341492	-0.4672015309333801	0.881743311882019	-0.04614121466875076	0.4694676995277405
0.9676696062088013	0.09540581703186035	0.1536354422569275	0.47057944536209106	0.7064460515975952	1.0	12	0.0	0	0.0	0	-0.5990939140319824	-0.530303418636322	0.5998874306678772	0.3296842575073242	-0.8461438417434692	-0.4187468886375427	0.7296538949012756	-0.05309528484940529	0.6817522644996643
0.9894586801528931	0.11341410875320435	0.18623113632202148	0.4696335792541504	0.7100014090538025	1.0	12	0.0	0	0.0	0	-0.4311128854751587	-0.5834642648696899	0.6882668733596802	0.2572738826274872	-0.8106160759925842	-0.5260338187217712	0.8648421764373779	-0.04970685765147209	0.4995771646499634
0.9485457539558411	0.1275344341993332	0.16498683393001556	0.46713751554489136	0.7057321071624756	1.0	12	0.0	0	0.0	0	-0.6059590578079224	-0.5802924036979675	0.5441271662712097	0.3516981601715088	-0.8089569211006165	-0.4710596799850464	0.7135277986526489	-0.09407434612512589	0.6942825317382812
0.9314126372337341	0.10924873501062393	0.12039914727210999	0.4675832688808441	0.7019813060760498	1.0	12	0.0	0	0.0	0	-0.7304455637931824	-0.5347872376441956	0.4247961938381195	0.3784867823123932	-0.8347064852714539	-0.40001630783081055	0.568503737449646	-0.1314103901386261	0.8121175169944763
0.9485457539558411	0.1275344341993332	0.16498683393001556	0.23016013205051422	0.7995412349700928	1.0	12	0.0	0	0.0	0	-0.6059590578079224	-0.5802924036979675	0.5441271662712097	-0.6512630581855774	0.7546700835227966	0.07955922931432724	-0.4568040370941162	-0.3061602711677551	-0.8352221250534058
0.9066362977027893	0.14834310114383698	0.12937843799591064	0.2334747165441513	0.803024172782898	1.0	12	0.0	0	0.0	0	-0.7269423007965088	-0.572300374507904	0.3795091211795807	-0.6469019055366516	0.7561371326446533	-0.09886672347784042	-0.23037947714328766	-0.3173755705356598	-0.9198902249336243
0.9314126372337341	0.10924873501062393	0.12039914727210999	0.22746533155441284	0.8026589155197144	1.0	12	0.0	0	0.0	0	-0.7304455637931824	-0.5347872376441956	0.4247961938381195	-0.45373567938804626	0.8448658585548401	0.28341782093048096	-0.510464072227478	0.014276108704507351	-0.8597806096076965
0.972766101360321	0.1440708339214325	0.20336538553237915	0.2324029803276062	0.7953677177429199	1.0	12	0.0	0	0.0	0	-0.45345401763916016	-0.6246971487998962	0.6357145309448242	-0.7858309149742126	0.6167627573013306	0.045537106692790985	-0.4205319583415985	-0.47891512513160706	-0.7705798745155334
0.9258225560188293	0.16491089761257172	0.1812768429517746	0.23548169434070587	0.7978313565254211	1.0	12	0.0	0	0.0	0	-0.6150630712509155	-0.6126520037651062	0.4963414967060089	-0.7392659783363342	0.6669877171516418	-0.09280770272016525	-0.2741948366165161	-0.4240109920501709	-0.863152265548706
0.9528132081031799	0.18027497828006744	0.22594517469406128	0.2374797761440277	0.7927283048629761	1.0	12	0.0	0	0.0	0	-0.4749998152256012	-0.6489588618278503	0.5943295955657959	-0.7748944163322449	0.6285309195518494	0.06698890775442123	-0.41702762246131897	-0.42872297763824463	-0.8014267086982727
0.8994231820106506	0.20685862004756927	0.20198026299476624	0.24100767076015472	0.7957240343093872	1.0	12	0.0	0	0.0	0	-0.6196427941322327	-0.6367338299751282	0.45892569422721863	-0.7386453151702881	0.6707929372787476	-0.06663288921117783	-0.2654167115688324	-0.38027191162109375	-0.8859724998474121
0.8779796957969666	0.19162926077842712	0.14223000407218933	0.24149741232395172	0.7994327545166016	1.0	12	0.0	0	0.0	0	-0.7210507392883301	-0.6025440096855164	0.3420916795730591	-0.6928817629814148	0.6284604668617249	-0.35348591208457947	-0.002000284381210804	-0.49191033840179443	-0.8706436157226562
0.8994231820106506	0.20685862004756927	0.20198026299476624	0.7630317807197571	0.6077540516853333	1.0	12	0.0	0	0.0	0	-0.6196427941322327	-0.6367338299751282	0.45892569422721863	-0.06232922896742821	0.622776448726654	0.7799132466316223	-0.7824052572250366	0.45466309785842896	-0.4255860447883606
0.8454160094261169	0.2381870001554489	0.15844252705574036	0.7601032257080078	0.6149389743804932	0.9898526824577729	12	0.010147317542227039	1	0.0	0	-0.7104293704032898	-0.6302855610847473	0.3130979835987091	-0.1537841260433197	0.5731697678565979	0.804876983165741	-0.6867606043815613	0.5236586928367615	-0.5041244626045227
0.8779796957969666	0.19162926077842712	0.14223000407218933	0.7570909261703491	0.6112767457962036	1.0	12	0.0	0	0.0	0	-0.7210507392883301	-0.6025440096855164	0.3420916795730591	-0.12639060616493225	0.5998212099075317	0.7900885343551636	-0.6812569499015808	0.5264567732810974	-0.5086574554443359
0.9294747710227966	0.221563458442688	0.2534017264842987	0.766468346118927	0.6046081185340881	1.0	12	0.0	0	0.0	0	-0.48916634917259216	-0.665141761302948	0.5641832947731018	-0.0774652361869812	0.6774320602416992	0.7314950227737427	-0.8687437176704407	0.3141181766986847	-0.3829023838043213
0.8692788481712341	0.25264620780944824	0.22653283178806305	0.7672032117843628	0.6108608245849609	0.9878503836939992	12	0.012149616306000794	1	0.0	0	-0.6173699498176575	-0.6576246023178101	0.4317225515842438	-0.1097305491566658	0.6154186725616455	0.7805248498916626	-0.778982400894165	0.4344993829727173	-0.4521024525165558
0.9026310443878174	0.2674253284931183	0.28512412309646606	0.7734174728393555	0.6064164042472839	0.9885626606695473	12	0.011437339330452653	1	0.0	0	-0.4942302405834198	-0.6777125000953674	0.5444650650024414	-0.12581020593643188	0.675469696521759	0.7265759110450745	-0.8601793050765991	0.29059651494026184	-0.41910070180892944
0.8353115916252136	0.3015306293964386	0.2543638050556183	0.7713669538497925	0.6142441034317017	0.9604989817180218	12	0.03950101828197819	1	0.0	0	-0.6075522899627686	-0.6780219078063965	0.41372278332710266	-0.11922530829906464	0.5928246974945068	0.7964572906494141	-0.7852805256843567	0.43456321954727173	-0.44100940227508545
0.808911919593811	0.2870851159095764	0.17749904096126556	0.7632855176925659	0.6188018321990967	0.9616769152577507	12	0.03832308474224935	1	0.0	0	-0.6938847899436951	-0.6582078337669373	0.29203832149505615	-0.17243365943431854	0.5456444025039673	0.8200847506523132	-0.6991351842880249	0.5186870098114014	-0.4921115040779114
0.7683858871459961	0.33739832043647766	0.19888950884342194	0.7660647630691528	0.6229333281517029	0.9330649877158708	12	0.06463621073947969	1	0.002298801544649547	0	-0.6702018976211548	-0.6882082223892212	0.2778468728065491	-0.19525152444839478	0.5246760249137878	0.8286083936691284	-0.7160347700119019	0.5010849237442017	-0.48601260781288147
0.8721494674682617	0.3173369765281677	0.3204929828643799	0.7785558700561523	0.6092358827590942	0.9631413926541638	12	0.03685860734583621	1	0.0	0	-0.48999008536338806	-0.688977062702179	0.5340601801872253	-0.0990215539932251	0.6526706218719482	0.7511430382728577	-0.8660857081413269	0.31516918540000916	-0.3880257308483124
0.7973838448524475	0.35276517271995544	0.2849075496196747	0.7757065296173096	0.6179916858673096	0.9354165201254889	12	0.06458347987451113	1	0.0	0	-0.5894196629524231	-0.6997164487838745	0.4037095606327057	-0.12148124724626541	0.5708393454551697	0.8120250701904297	-0.7986406087875366	0.4295803904533386	-0.4214663505554199
0.8378287553787231	0.3707592785358429	0.3588896691799164	0.7838833928108215	0.6124892830848694	0.9384193004416086	12	0.06158069955839141	1	0.0	0	-0.47629088163375854	-0.700397253036499	0.531592607498169	-0.09386640787124634	0.6416178941726685	0.761259138584137	-0.8742631673812866	0.3126821219921112	-0.3713405132293701
0.7551302909851074	0.4055997431278229	0.3176271617412567	0.7801163792610168	0.6221164464950562	0.89691695682023	12	0.08946736632642652	1	0.013615676853343526	0	-0.5621331930160522	-0.7238239049911499	0.4001067280769348	-0.10590677708387375	0.5427939295768738	0.8331617712974548	-0.8202378153800964	0.4259738028049469	-0.3817802965641022
0.7235711812973022	0.38823628425598145	0.22213730216026306	0.7648975253105164	0.6268717050552368	0.8861087998454006	12	0.09010111466057404	1	0.023790085494025368	0	-0.6380584836006165	-0.7213139533996582	0.2694207727909088	-0.1973780244588852	0.49143314361572266	0.8482543230056763	-0.7442599534988403	0.4880581200122833	-0.4559346139431
0.7461428046226501	0.31615200638771057	0.005616393871605396	0.254282683134079	0.8174129724502563	0.9351729669490227	12	0.06062353127754389	1	0.004203501773433403	0	-0.7557736039161682	-0.6536263823509216	0.03973579779267311	-0.650518536567688	0.7424561381340027	-0.15995165705680847	0.07504653930664062	-0.14673613011837006	-0.9863247871398926
0.808911919593811	0.2870851159095764	0.17749904096126556	0.25145775079727173	0.7983253002166748	0.9616769152577507	12	0.03832308474224935	1	0.0	0	-0.6938847899436951	-0.6582078337669373	0.29203832149505615	-0.6730552315711975	0.7369982004165649	0.06189018115401268	-0.2559683322906494	-0.15361326932907104	-0.954401969909668
0.751282811164856	0.3250780403614044	0.10442022979259491	0.25604891777038574	0.8068674802780151	0.9322173995507954	12	0.06273013144615404	1	0.0050524690030505255	0	-0.7241532802581787	-0.6714470982551575	0.15735562145709991	-0.6846071481704712	0.7274194359779358	-0.04662660136818886	-0.08315624296665192	-0.1414915919303894	-0.9864407181739807
0.7683858871459961	0.33739832043647766	0.19888950884342194	0.2580355107784271	0.796201229095459	0.9330649877158708	12	0.06463621073947969	1	0.002298801544649547	0	-0.6702018976211548	-0.6882082223892212	0.2778468728065491	-0.7089688181877136	0.7043904662132263	0.034602247178554535	-0.2195262610912323	-0.17379429936408997	-0.9600019454956055
0.7049766182899475	0.3754333257675171	0.11722902208566666	0.2630118131637573	0.8053756952285767	0.8816056309360358	12	0.08810673019632342	1	0.030287638867640743	0	-0.6878100633621216	-0.7109740972518921	0.1464003622531891	-0.7217004895210266	0.6914258599281311	-0.03284265100955963	-0.07787473499774933	-0.1282467395067215	-0.9886801242828369
0.6993886828422546	0.3674933612346649	0.007475933991372585	0.26339486241340637	0.813789963722229	0.8835035995900703	12	0.08586687257074198	1	0.03062952783918767	0	-0.7166856527328491	-0.6968480944633484	0.02765052020549774	-0.6702220439910889	0.6772581338882446	-0.3035191297531128	0.19278016686439514	-0.23605976998806	-0.9524240493774414
0.8121240735054016	0.25147637724876404	-0.16802343726158142	0.24379292130470276	0.8364666700363159	0.9748658545143464	12	0.025134145485653587	1	0.0	0	-0.7833380103111267	-0.5892660021781921	-0.19785639643669128	-0.6070616245269775	0.7936622500419617	0.0397038459777832	0.133635014295578	0.15121255815029144	-0.9794265627861023
0.7529310584068298	0.3109460771083832	-0.09327132254838943	0.25241583585739136	0.8284855484962463	0.9406613637938315	12	0.05913983427578215	1	0.0001988019303863999	0	-0.7671259641647339	-0.637084424495697	-0.07510729879140854	-0.6396927833557129	0.7684815526008606	0.015142335556447506	0.04807163029909134	0.05966167524456978	-0.9970604777336121
0.7715820074081421	0.30977126955986023	-0.18799185752868652	0.25097811222076416	0.8390328288078308	0.9425578234694123	12	0.057442176530587745	1	0.0	0	-0.7513304948806763	-0.6248574256896973	-0.21226352453231812	-0.6438248157501221	0.7646644711494446	0.02788837067782879	0.1448841392993927	0.15761391818523407	-0.9768144488334656
0.7950178384780884	0.2562394440174103	-0.08346056193113327	0.24546769261360168	0.8271631598472595	0.9722087149229212	12	0.0277912850770788	1	0.0	0	-0.7992635369300842	-0.5980208516120911	-0.05957319587469101	-0.6003431677818298	0.7990493178367615	0.033293578773736954	0.027691662311553955	0.062374696135520935	-0.9976685643196106
0.7067464590072632	0.3646814227104187	-0.10239918529987335	0.25940924882888794	0.8295349478721619	0.8906866937773842	12	0.08462640906373099	1	0.024686897158884807	0	-0.7266951203346252	-0.6812824010848999	-0.08813974261283875	-0.6834927201271057	0.7299261093139648	-0.006752575747668743	0.06893590837717056	0.05533580854535103	-0.9960852861404419
0.7269914150238037	0.36723560094833374	-0.2076728641986847	0.2581159472465515	0.8415403962135315	0.9016919404191169	12	0.08333119872382734	1	0.014976860857055786	0	-0.7108321785926819	-0.6663956046104431	-0.22502107918262482	-0.689159095287323	0.7238404750823975	0.03338861092925072	0.14062932133674622	0.1788090020418167	-0.9737816452980042
0.877879798412323	0.25233790278434753	-0.31166699528694153	0.24111098051071167	0.8534824848175049	0.9834847762433787	12	0.01651522375662126	1	0.0	0	-0.6372480988502502	-0.5863109827041626	-0.5001543164253235	-0.672327995300293	0.7401708960533142	-0.011054689064621925	0.3766811192035675	0.3292231261730194	-0.8658657670021057
0.8019312024116516	0.312895268201828	-0.2744269073009491	0.24994607269763947	0.8488190174102783	0.9452618723470947	12	0.05473812765290531	1	0.0	0	-0.7019750475883484	-0.615635871887207	-0.3580832779407501	-0.6640560626983643	0.7474972009658813	0.016657210886478424	0.25741150975227356	0.24948032200336456	-0.9335411190986633
0.8434505462646484	0.320427268743515	-0.34898969531059265	0.2491123229265213	0.8581939935684204	0.9502249749586993	12	0.04977502504130076	1	0.0	0	-0.6063935160636902	-0.6059967279434204	-0.5148348212242126	-0.6981974244117737	0.71562659740448	-0.019972240552306175	0.3805326223373413	0.3473452925682068	-0.857056736946106
0.839907705783844	0.25010019540786743	-0.24516049027442932	0.2423773854970932	0.8451599478721619	0.9784111521824179	12	0.021588847817582073	1	0.0	0	-0.7334680557250977	-0.5864570140838623	-0.34364625811576843	-0.6318884491920471	0.7745967507362366	0.026775896549224854	0.2504843473434448	0.23678536713123322	-0.9387174248695374
0.7715820074081421	0.30977126955986023	-0.18799185752868652	0.2509780824184418	0.8390328288078308	0.9425578234694123	12	0.057442176530587745	1	0.0	0	-0.7513304948806763	-0.6248574256896973	-0.21226352453231812	-0.6452178359031677	0.7630788087844849	0.03747939690947533	0.13855451345443726	0.1651156097650528	-0.9764934778213501
0.7269914150238037	0.36723560094833374	-0.2076728641986847	0.2581159472465515	0.841540515422821	0.9016919404191169	12	0.08333119872382734	1	0.014976860857055786	0	-0.7108321785926819	-0.6663956046104431	-0.22502107918262482	-0.6890130639076233	0.724025547504425	0.03237207606434822	0.14134842157363892	0.1780536025762558	-0.9738160371780396
0.7599674463272095	0.37533843517303467	-0.30376923084259033	0.25751498341560364	0.8524655103683472	0.9159018742165285	12	0.08016237183771989	1	0.003935753945751603	0	-0.661892294883728	-0.6510275602340698	-0.37156668305397034	-0.7046093940734863	0.709493100643158	0.012046249583363533	0.2557815611362457	0.269782692193985	-0.9283281564712524
0.8051263689994812	0.3889777958393097	-0.38670337200164795	0.25718164443969727	0.862938404083252	0.9260235050327633	12	0.07397649496723663	1	0.0	0	-0.5671098828315735	-0.6314140558242798	-0.5288692116737366	-0.7339566349983215	0.6787939071655273	-0.023378418758511543	0.3737546503543854	0.3749089539051056	-0.8483813405036926
0.9364020228385925	0.12184002995491028	-0.23754827678203583	0.22766649723052979	0.8470413088798523	1.0	12	0.0	0	0.0	0	-0.6793591976165771	-0.5650339722633362	-0.4681962728500366	-0.5404849648475647	0.8168551921844482	-0.20155316591262817	0.49633294343948364	0.11612606048583984	-0.8603304624557495
0.8742119073867798	0.18807072937488556	-0.21576227247714996	0.23497886955738068	0.8415378928184509	1.0	12	0.0	0	0.0	0	-0.7582294344902039	-0.563300609588623	-0.32829955220222473	-0.5824912786483765	0.8114750385284424	-0.04703589901328087	0.2929022014141083	0.15556763112545013	-0.9434018731117249
0.9088209271430969	0.18576432764530182	-0.2745840847492218	0.23353224992752075	0.8491622805595398	1.0	12	0.0	0	0.0	0	-0.6611747741699219	-0.572576642036438	-0.4847719967365265	-0.5838501453399658	0.7984799742698669	-0.1467948853969574	0.4711320996284485	0.18597714602947235	-0.8622338175773621
0.9049211144447327	0.12802420556545258	-0.185996875166893	0.22793999314308167	0.8379874229431152	1.0	12	0.0	0	0.0	0	-0.777716875076294	-0.545863687992096	-0.3117520809173584	-0.5771227478981018	0.8165973424911499	0.009903314523398876	0.24917003512382507	0.18762119114398956	-0.9501118659973145
0.8488486409187317	0.19349627196788788	-0.14750511944293976	0.2366967648267746	0.8338260054588318	1.0	12	0.0	0	0.0	0	-0.8088509440422058	-0.5591731667518616	-0.18189455568790436	-0.5736047029495239	0.8183908462524414	0.03484395891427994	0.12937702238559723	0.13251914083957672	-0.9827004671096802
0.8121240735054016	0.25147637724876404	-0.16802343726158142	0.24379292130470276	0.8364666700363159	0.9748658545143464	12	0.025134145485653587	1	0.0	0	-0.7833380103111267	-0.5892660021781921	-0.19785639643669128	-0.606319010257721	0.7944799661636353	0.03433411940932274	0.13696102797985077	0.14685934782028198	-0.9796295762062073
0.839907705783844	0.25010019540786743	-0.24516049027442932	0.2423773854970932	0.8451598286628723	0.9784111521824179	12	0.021588847817582073	1	0.0	0	-0.7334680557250977	-0.5864570140838623	-0.34364625811576843	-0.6228232979774475	0.7823412418365479	-0.005783537402749062	0.27224040031433105	0.20978884398937225	-0.9390813708305359
0.877879798412323	0.25233790278434753	-0.31166699528694153	0.24111099541187286	0.8534824252128601	0.9834847762433787	12	0.01651522375662126	1	0.0	0	-0.6372480988502502	-0.5863109827041626	-0.5001543164253235	-0.6499512195587158	0.7576040625572205	-0.059996407479047775	0.4140954911708832	0.28684332966804504	-0.863855242729187
0.9320505261421204	0.07120052725076675	-0.15562258660793304	0.2211136817932129	0.8339859247207642	1.0	12	0.0	0	0.0	0	-0.7929325699806213	-0.5341254472732544	-0.29320284724235535	-0.5716961026191711	0.8186343312263489	0.05478457361459732	0.210764080286026	0.21106339991092682	-0.9544792771339417
0.9606785774230957	0.061715640127658844	-0.20035666227340698	0.21919336915016174	0.8391457200050354	1.0	12	0.0	0	0.0	0	-0.6926376819610596	-0.5642730593681335	-0.44927600026130676	-0.6731637716293335	0.7294129729270935	0.12168484181165695	0.2590442895889282	0.38671985268592834	-0.8850672245025635
0.9109505414962769	0.08351031690835953	-0.10367656499147415	0.22337639331817627	0.8282467126846313	1.0	12	0.0	0	0.0	0	-0.8458107113838196	-0.5148293972015381	-0.13983923196792603	-0.5255805850028992	0.8490960001945496	0.052926696836948395	0.09148870408535004	0.11826274544000626	-0.9887586832046509
0.8817943334579468	0.13708236813545227	-0.12615251541137695	0.2298399955034256	0.8310921788215637	1.0	12	0.0	0	0.0	0	-0.8294779062271118	-0.5338701009750366	-0.16416209936141968	-0.547025740146637	0.8358681797981262	0.04568714275956154	0.11282685399055481	0.12769734859466553	-0.9853747487068176
0.9364020228385925	0.12184002995491028	-0.23754827678203583	0.2276664823293686	0.8470413088798523	1.0	12	0.0	0	0.0	0	-0.6793591976165771	-0.5650339722633362	-0.4681962728500366	-0.6631178855895996	0.7459452748298645	0.06197008863091469	0.3142336308956146	0.3525693118572235	-0.8814489245414734
0.1418028026819229	4.810133457183838	-0.6149129271507263	0.2154778242111206	0.06047799438238144	1.0	8	0.0	0	0.0	0	0.13813123106956482	-0.09879160672426224	-0.9854745268821716	0.9574748277664185	-0.2411576807498932	0.1583821028470993	-0.25330159068107605	-0.9654445648193359	0.061279069632291794
0.27421385049819946	4.916673183441162	-0.5940382480621338	0.22783233225345612	0.045637793838977814	1.0	8	0.0	0	0.0	0	0.2941739857196808	-0.024720503017306328	-0.9554321765899658	0.9280093908309937	-0.23172517120838165	0.29172268509864807	-0.22860920429229736	-0.9724671840667725	-0.045226652175188065
0.2775021195411682	4.809755802154541	-0.5860536694526672	0.2314085215330124	0.05696598067879677	0.9925327543135889	8	0.007467245686411128	6	0.0	0	0.28477242588996887	-0.08469011634588242	-0.9548467397689819	0.9278265237808228	-0.22599510848522186	0.29675617814064026	-0.24092300236225128	-0.970440149307251	0.01422055996954441
1.862645149230957e-09	4.810304641723633	-0.6245542168617249	0.19915395975112915	0.0643950030207634	1.0	8	0.0	0	0.0	0	0.0	-0.10348846018314362	-0.9946306347846985	0.9660174250602722	-0.25708895921707153	0.02674936316907406	-0.2584768533706665	-0.9608306288719177	0.09997167438268661
0.14013350009918213	4.9175333976745605	-0.6235319972038269	0.21204924583435059	0.04904525727033615	1.0	8	0.0	0	0.0	0	0.1431974172592163	-0.03906494006514549	-0.9889228343963623	0.9587723612785339	-0.2423461228609085	0.14840488135814667	-0.24545903503894806	-0.9694031476974487	0.0027510470245033503
5.471520125865936e-09	4.917920112609863	-0.6333987712860107	0.1958950310945511	0.0528903491795063	1.0	8	0.0	0	0.0	0	0.0	-0.04382527619600296	-0.9990392327308655	0.9659423828125	-0.25850874185562134	0.01134011521935463	-0.2587573826313019	-0.9650143384933472	0.042332690209150314
0.13709644973278046	5.023614406585693	-0.6242188811302185	0.20861314237117767	0.037876300513744354	1.0	8	0.0	0	0.0	0	0.14722517132759094	0.05441593751311302	-0.9876050353050232	0.9609358906745911	-0.24445711076259613	0.12978023290634155	-0.23436494171619415	-0.9681320190429688	-0.08828046917915344
0.268167108297348	5.021904945373535	-0.5945894122123718	0.22408583760261536	0.034652888774871826	1.0	8	0.0	0	0.0	0	0.3011018633842468	0.06677588820457458	-0.9512511491775513	0.9324098229408264	-0.22970479726791382	0.27901193499565125	-0.19987568259239197	-0.9709669351577759	-0.13142703473567963
-0.14013350009918213	4.9175333976745605	-0.6235319972038269	0.18006795644760132	0.057034436613321304	1.0	8	0.0	0	0.0	0	-0.1431974172592163	-0.03906494006514549	-0.9889228343963623	0.9543910622596741	-0.26994988322257996	-0.1275334656238556	-0.26197755336761475	-0.9620816707611084	0.0759393647313118
-0.14180278778076172	4.810133457183838	-0.6149129271507263	0.18313631415367126	0.06855715811252594	1.0	8	0.0	0	0.0	0	-0.13813123106956482	-0.09879160672426224	-0.9854745268821716	0.9572739601135254	-0.2685564458370209	-0.10725625604391098	-0.25405949354171753	-0.958184540271759	0.1316666603088379
-0.27421385049819946	4.916672706604004	-0.5940382480621338	0.16524627804756165	0.0612722672522068	1.0	8	0.0	0	0.0	0	-0.2941739857196808	-0.024720503017306328	-0.9554321765899658	0.9200472831726074	-0.27800998091697693	-0.2760859429836273	-0.2587946653366089	-0.9602600336074829	0.10452732443809509
-0.26816707849502563	5.021904945373535	-0.5945894718170166	0.16287575662136078	0.04994363337755203	1.0	8	0.0	0	0.0	0	-0.3011018633842468	0.06677588820457458	-0.9512511491775513	0.9102544188499451	-0.2771831750869751	-0.3075817823410034	-0.28420984745025635	-0.9584938883781433	0.02267731912434101
-0.13709641993045807	5.023614406585693	-0.6242188811302185	0.17732657492160797	0.04569192975759506	1.0	8	0.0	0	0.0	0	-0.14722517132759094	0.05441593751311302	-0.9876050353050232	0.9501212239265442	-0.2697726786136627	-0.15650054812431335	-0.2749449610710144	-0.9613853096961975	-0.011984405107796192
6.51925802230835e-09	5.02437162399292	-0.6341582536697388	0.19279290735721588	0.04159069433808327	1.0	8	0.0	0	0.0	0	0.0	0.050234436988830566	-0.9987375140190125	0.9664872884750366	-0.2563903331756592	-0.012894785031676292	-0.256714403629303	-0.9652671217918396	-0.04855094477534294
0.259179949760437	5.1214141845703125	-0.5846508145332336	0.22030861675739288	0.024486085399985313	1.0	8	0.0	0	0.0	0	0.30089232325553894	0.19209009408950806	-0.9341120719909668	0.9398193955421448	-0.22598887979984283	0.25625860691070557	-0.1618742048740387	-0.9550029039382935	-0.24852831661701202
0.13265718519687653	5.124493598937988	-0.6135388612747192	0.205330491065979	0.027427732944488525	1.0	8	0.0	0	0.0	0	0.14774172008037567	0.1878739893436432	-0.9710179567337036	0.96383136510849	-0.24754178524017334	0.09875351935625076	-0.22181428968906403	-0.9504875540733337	-0.21765106916427612
1.862645149230957e-09	5.125823974609375	-0.6232856512069702	0.19001582264900208	0.030946647748351097	1.0	8	0.0	0	0.0	0	0.0	0.18641085922718048	-0.9824718832969666	0.9688504934310913	-0.24330627918243408	-0.04616113752126694	-0.2476465255022049	-0.9518683552742004	-0.1806042641401291
0.12768663465976715	5.216947078704834	-0.5884886384010315	0.2024543434381485	0.01803986169397831	1.0	8	0.0	0	0.0	0	0.14160846173763275	0.36406195163726807	-0.9205465912818909	0.9668692946434021	-0.25038501620292664	0.04971089959144592	-0.21239322423934937	-0.8970876932144165	-0.3874569833278656
