4320	1440	12
-1.0853171348571777	1.2475085258483887	0.0	0.6140309572219849	0.7950882315635681	0.4765722958904829	1	0.341681157298399	2	0.18174654681111813	3	-0.8632464408874512	0.4827991724014282	-0.14734482765197754	0.5004453063011169	0.8567403554916382	-0.12470138818025589	0.06603053212165833	-0.1813860535621643	-0.9811926484107971
-0.8736944794654846	1.5107214450836182	-0.37737005949020386	0.6611183881759644	0.8509171009063721	0.36725932744855255	2	0.36603454469864827	1	0.2667061278527992	3	-0.8632464408874512	0.4827991724014282	-0.14734482765197754	0.5004453063011169	0.856740415096283	-0.12470141053199768	0.06603053212165833	-0.1813860833644867	-0.9811927080154419
-1.0136463642120361	1.2428525686264038	-0.43515223264694214	0.6086025238037109	0.8668513298034668	0.4250776946065863	1	0.3770132058832199	2	0.1979090995101938	3	-0.8632464408874512	0.4827991724014282	-0.14734482765197754	0.5004453063011169	0.8567403554916382	-0.12470140308141708	0.06603052467107773	-0.1813860833644867	-0.9811926484107971
-1.0136463642120361	1.2428525686264038	-0.43515223264694214	0.9096224904060364	0.44753408432006836	0.4250776946065863	1	0.3770132058832199	2	0.1979090995101938	3	-0.7398380041122437	0.5017017722129822	-0.44825783371925354	0.20680370926856995	0.8035998940467834	0.558085560798645	0.6402124166488647	0.32019150257110596	-0.6982874870300293
-0.690136194229126	1.4920973777770996	-0.690136194229126	0.9493906497955322	0.5302994251251221	0.40994732309130255	1	0.3720197014397154	2	0.21803297546898207	3	-0.7398380041122437	0.5017017722129822	-0.44825783371925354	0.20680370926856995	0.8035998344421387	0.558085560798645	0.6402124166488647	0.32019153237342834	-0.6982874870300293
-0.7973518371582031	1.238196611404419	-0.7973518371582031	0.9002296328544617	0.5169368982315063	0.45761850288348943	1	0.29385289559387423	2	0.24852860152263637	6	-0.7398380041122437	0.5017017722129822	-0.44825783371925354	0.20680370926856995	0.8035998344421387	0.558085560798645	0.6402124166488647	0.32019153237342834	-0.6982874870300293
-0.9331716299057007	1.5293455123901367	0.0	0.7574983239173889	0.09291771799325943	0.4283338078511624	1	0.32319478467718993	2	0.24847140747164773	3	-0.6792441606521606	0.7199282646179199	-0.14258548617362976	-0.7336650490760803	-0.6610342860221863	0.1573825180530548	0.019050225615501404	0.21151113510131836	0.9771898984909058
-0.6607239842414856	1.7195773124694824	-0.33737799525260925	0.6934378743171692	0.04079955443739891	0.42306807051791545	1	0.3852002645328585	2	0.19173166494922603	3	-0.6792441606521606	0.7199282646179199	-0.14258548617362976	-0.7336650490760803	-0.6610342860221863	0.15738250315189362	0.019050218164920807	0.21151113510131836	0.9771898984909058
-0.8736944794654846	1.5107214450836182	-0.37737005949020386	0.7240598797798157	0.024790896102786064	0.36725932744855255	2	0.36603454469864827	1	0.2667061278527992	3	-0.6792441606521606	0.7199282646179199	-0.14258548617362976	-0.7336650490760803	-0.6610342860221863	0.15738250315189362	0.019050218164920807	0.21151113510131836	0.9771898984909058
-0.8736944794654846	1.5107214450836182	-0.37737005949020386	0.9601452350616455	0.47106218338012695	0.36725932744855255	2	0.36603454469864827	1	0.2667061278527992	3	-0.5809478163719177	0.7178287506103516	-0.3836946189403534	0.283941388130188	0.6205212473869324	0.730979323387146	0.7628085613250732	0.315714031457901	-0.564311683177948
-0.5720053911209106	1.6508455276489258	-0.5720053911209106	0.9818060398101807	0.5443284511566162	0.431851377326605	1	0.36762824625856716	2	0.2005203764148278	3	-0.5809478163719177	0.7178287506103516	-0.3836946189403534	0.283941388130188	0.6205211877822876	0.7309792637825012	0.762808620929718	0.315714031457901	-0.564311683177948
-0.690136194229126	1.4920973777770996	-0.690136194229126	0.9493906497955322	0.5302994251251221	0.40994732309130255	1	0.3720197014397154	2	0.21803297546898207	3	-0.5809478163719177	0.7178287506103516	-0.3836946189403534	0.283941388130188	0.6205211877822876	0.7309792637825012	0.7628085613250732	0.3157140016555786	-0.5643117427825928
-1.0136463642120361	1.2428525686264038	-0.43515223264694214	0.6086025238037109	0.8668513298034668	0.4250776946065863	1	0.3770132058832199	2	0.1979090995101938	3	-0.9436560869216919	0.29048433899879456	-0.1585308313369751	0.2946440577507019	0.9556028246879578	-0.0028700472321361303	0.15065880119800568	-0.049418505281209946	-0.9873498678207397
-1.1801507472991943	0.9394357204437256	0.0	0.5563138127326965	0.7952408194541931	0.723105729053525	1	0.20254227045083298	2	0.07435200049564207	9	-0.9436560869216919	0.29048433899879456	-0.1585308313369751	0.2946440279483795	0.955602765083313	-0.0028700469993054867	0.15065881609916687	-0.049418509006500244	-0.9873499274253845
-1.0853171348571777	1.2475085258483887	0.0	0.6140309572219849	0.7950882315635681	0.4765722958904829	1	0.341681157298399	2	0.18174654681111813	3	-0.9436560869216919	0.29048433899879456	-0.1585308313369751	0.2946440577507019	0.9556028246879578	-0.0028700472321361303	0.15065880119800568	-0.049418505281209946	-0.9873498678207397
-1.1014740467071533	0.9394357204437256	-0.47206029295921326	0.5513551235198975	0.8731467127799988	0.647339260635503	1	0.18623999460471935	2	0.16642074475977767	6	-0.9695109724998474	0.1842246800661087	-0.16158513724803925	0.17624804377555847	0.9823591709136963	0.06250810623168945	0.17025016248226166	0.03212323039770126	-0.9848772287368774
-1.2352986335754395	0.6492114067077637	0.0	0.5028185844421387	0.7921931147575378	0.5372553559419334	1	0.2731386151215227	0	0.18960602893654388	2	-0.9695109724998474	0.1842246800661087	-0.16158513724803925	0.17624804377555847	0.9823591709136963	0.06250810623168945	0.17025016248226166	0.03212323039770126	-0.9848772287368774
-1.1801507472991943	0.9394357204437256	0.0	0.5563138127326965	0.7952408194541931	0.723105729053525	1	0.20254227045083298	2	0.07435200049564207	9	-0.9695109724998474	0.1842246800661087	-0.16158513724803925	0.17624804377555847	0.9823591113090515	0.06250809878110886	0.17025016248226166	0.032123222947120667	-0.9848771691322327
-0.7973518371582031	1.238196611404419	-0.7973518371582031	0.9002296328544617	0.5169368982315063	0.45761850288348943	1	0.29385289559387423	2	0.24852860152263637	6	-0.8182083964347839	0.296739399433136	-0.49242350459098816	0.12028384953737259	0.9259042739868164	0.35809633135795593	0.5621983408927917	0.2337668240070343	-0.7932755947113037
-1.1014740467071533	0.9394357204437256	-0.47206029295921326	0.853575587272644	0.4320437014102936	0.647339260635503	1	0.18623999460471935	2	0.16642074475977767	6	-0.8182083964347839	0.296739399433136	-0.49242350459098816	0.12028385698795319	0.925904393196106	0.3580963611602783	0.5621983408927917	0.2337668389081955	-0.7932755947113037
-1.0136463642120361	1.2428525686264038	-0.43515223264694214	0.9096224904060364	0.44753408432006836	0.4250776946065863	1	0.3770132058832199	2	0.1979090995101938	3	-0.8182083964347839	0.296739399433136	-0.49242350459098816	0.1202838346362114	0.9259042739868164	0.35809633135795593	0.5621983408927917	0.2337668240070343	-0.7932755947113037
-0.8654438257217407	0.9394357204437256	-0.8654438853263855	0.8442894816398621	0.5076619386672974	0.4942461620789948	1	0.3664715484389994	6	0.1392822894820058	2	-0.8422389030456543	0.18778109550476074	-0.505343496799469	0.07078881561756134	0.9677811861038208	0.2416374385356903	0.5344367623329163	0.1677437573671341	-0.828395664691925
-1.1529453992843628	0.6492114067077637	-0.49411946535110474	0.8005120158195496	0.42235466837882996	0.5072231436649588	1	0.25807979986564883	6	0.23469705646939243	0	-0.8422389030456543	0.18778109550476074	-0.505343496799469	0.07078880816698074	0.9677810668945312	0.24163740873336792	0.534436821937561	0.1677437573671341	-0.828395664691925
-1.1014740467071533	0.9394357204437256	-0.47206029295921326	0.853575587272644	0.4320437014102936	0.647339260635503	1	0.18623999460471935	2	0.16642074475977767	6	-0.8422389030456543	0.18778109550476074	-0.505343496799469	0.07078881561756134	0.967781126499176	0.2416374385356903	0.534436821937561	0.1677437722682953	-0.8283957242965698
-0.4351522624492645	1.2428526878356934	-1.0136463642120361	0.8973022103309631	0.6025961637496948	0.5024070694693684	6	0.3219188752337665	1	0.17567405529686508	2	-0.15347683429718018	0.39388954639434814	-0.9062538743019104	0.12835361063480377	0.9172964096069336	0.3769519329071045	0.9797806739807129	-0.0584675632417202	-0.1913408786058426
1.862645149230957e-09	1.2475085258483887	-1.0853171348571777	0.8987105488777161	0.6907311081886292	0.5311872105194572	6	0.2657272655147904	1	0.20308552396575236	7	-0.15347683429718018	0.39388954639434814	-0.9062538743019104	0.12835359573364258	0.9172964096069336	0.3769519329071045	0.9797806739807129	-0.058467548340559006	-0.1913408786058426
-0.334946870803833	1.1847894191741943	-1.0558527708053589	0.8863008618354797	0.6245700120925903	0.5411942369821838	6	0.2817140780647438	1	0.17709168495307237	7	-0.15347683429718018	0.39388954639434814	-0.9062538743019104	0.12835359573364258	0.9172963500022888	0.3769519031047821	0.9797807335853577	-0.0584675595164299	-0.19134089350700378
-0.47206029295921326	0.9394357204437256	-1.1014740467071533	0.8401709198951721	0.6007544994354248	0.6536542007911955	6	0.23461152669774699	7	0.11173427251105744	1	-0.49242356419563293	0.29673925042152405	-0.8182083368301392	0.09144946932792664	0.9525214433670044	0.29041334986686707	0.8655380606651306	0.06818164885044098	-0.4961806535720825
-0.7973518371582031	1.238196611404419	-0.7973518371582031	0.9002296328544617	0.5169368982315063	0.45761850288348943	1	0.29385289559387423	2	0.24852860152263637	6	-0.49242356419563293	0.29673925042152405	-0.8182083368301392	0.09144946932792664	0.9525214433670044	0.29041334986686707	0.8655380606651306	0.06818164885044098	-0.4961806535720825
-0.4351522624492645	1.2428526878356934	-1.0136463642120361	0.8973022103309631	0.6025961637496948	0.5024070694693684	6	0.3219188752337665	1	0.17567405529686508	2	-0.49242356419563293	0.29673925042152405	-0.8182083368301392	0.09144946932792664	0.9525214433670044	0.29041334986686707	0.8655380606651306	0.06818164885044098	-0.4961806535720825
-0.47206029295921326	0.9394357204437256	-1.1014740467071533	0.8401709198951721	0.6007544994354248	0.6536542007911955	6	0.23461152669774699	7	0.11173427251105744	1	-0.22009816765785217	0.29583829641342163	-0.9295356869697571	0.08832021802663803	0.9550328850746155	0.28304043412208557	0.9714712500572205	-0.019800111651420593	-0.23632946610450745
-0.4351522624492645	1.2428526878356934	-1.0136463642120361	0.8973022103309631	0.6025961637496948	0.5024070694693684	6	0.3219188752337665	1	0.17567405529686508	2	-0.22009816765785217	0.29583829641342163	-0.9295356869697571	0.08832021057605743	0.9550327658653259	0.28304043412208557	0.9714712500572205	-0.019800102338194847	-0.23632946610450745
-0.334946870803833	1.1847894191741943	-1.0558527708053589	0.8863008618354797	0.6245700120925903	0.5411942369821838	6	0.2817140780647438	1	0.17709168495307237	7	-0.22009816765785217	0.29583829641342163	-0.9295356869697571	0.08832021057605743	0.9550328254699707	0.2830404043197632	0.9714711904525757	-0.019800109788775444	-0.23632945120334625
-0.49411946535110474	0.6492114067077637	-1.1529453992843628	0.7864808440208435	0.5989492535591125	0.7245079951095234	6	0.21090945037076866	0	0.06458255451970794	7	-0.5053434371948242	0.18778106570243835	-0.8422389030456543	0.04876244068145752	0.980690062046051	0.18939194083213806	0.8615394830703735	0.0546383410692215	-0.504741907119751
-0.8654438257217407	0.9394357204437256	-0.8654438853263855	0.8442894816398621	0.5076619386672974	0.4942461620789948	1	0.3664715484389994	6	0.1392822894820058	2	-0.5053434371948242	0.18778106570243835	-0.8422389030456543	0.048762429505586624	0.9806900024414062	0.18939191102981567	0.8615394830703735	0.054638344794511795	-0.504741907119751
-0.47206029295921326	0.9394357204437256	-1.1014740467071533	0.8401709198951721	0.6007544994354248	0.6536542007911955	6	0.23461152669774699	7	0.11173427251105744	1	-0.5053434371948242	0.18778106570243835	-0.8422389030456543	0.048762425780296326	0.9806900024414062	0.18939191102981567	0.8615394830703735	0.054638348519802094	-0.504741907119751
1.862645149230957e-09	1.2475085258483887	-1.0853171348571777	0.8987105488777161	0.6907311081886292	0.5311872105194572	6	0.2657272655147904	1	0.20308552396575236	7	-0.16004528105258942	0.4689132571220398	-0.8686230778694153	0.1581874042749405	0.8807769417762756	0.4463280439376831	0.974352240562439	-0.06597253680229187	-0.21514037251472473
-0.37737005949020386	1.5107214450836182	-0.8736944794654846	0.9495749473571777	0.6040990948677063	0.40968329661939906	1	0.35204904979827656	2	0.23826765358232435	6	-0.16004528105258942	0.4689132571220398	-0.8686230778694153	0.1581874042749405	0.8807769417762756	0.4463280439376831	0.974352240562439	-0.06597253680229187	-0.21514037251472473
0.0	1.5293455123901367	-0.9331716299057007	0.9534907341003418	0.6804044842720032	0.5295171029677466	1	0.24485461300263428	3	0.22562828402961912	6	-0.16004528105258942	0.4689132571220398	-0.8686230778694153	0.15818741917610168	0.8807769417762756	0.4463280439376831	0.974352240562439	-0.06597253680229187	-0.21514037251472473
0.0	1.5293455123901367	-0.9331716299057007	0.9534907341003418	0.6804044842720032	0.5295171029677466	1	0.24485461300263428	3	0.22562828402961912	6	-0.15853463113307953	0.7065637111663818	-0.6896626353263855	0.2533567547798157	0.7042199969291687	0.663237988948822	0.9542940258979797	-0.06958449631929398	-0.2906559109687805
-0.33737799525260925	1.7195773124694824	-0.6607239842414856	0.9931135773658752	0.5961598753929138	0.47590216911067446	1	0.3153527259759606	2	0.20874510491336493	3	-0.15853463113307953	0.7065637111663818	-0.6896626353263855	0.2533567547798157	0.7042199373245239	0.663237988948822	0.9542940855026245	-0.06958450376987457	-0.2906559407711029
0.0	1.7534997463226318	-0.7035242319107056	1.0	0.6636634469032288	0.4429100481429241	1	0.3801396580462195	3	0.17695029381085636	2	-0.15853463113307953	0.7065637111663818	-0.6896626353263855	0.2533567547798157	0.7042199969291687	0.663237988948822	0.9542940258979797	-0.06958449631929398	-0.2906559109687805
-0.4351522624492645	1.2428526878356934	-1.0136463642120361	0.8973022103309631	0.6025961637496948	0.5024070694693684	6	0.3219188752337665	1	0.17567405529686508	2	-0.4635111093521118	0.4868102967739105	-0.7403871417045593	0.16694489121437073	0.8685789108276367	0.46658337116241455	0.8702223300933838	0.0926627442240715	-0.48386651277542114
-0.690136194229126	1.4920973777770996	-0.690136194229126	0.9493906497955322	0.5302994251251221	0.40994732309130255	1	0.3720197014397154	2	0.21803297546898207	3	-0.4635111093521118	0.4868102967739105	-0.7403871417045593	0.16694490611553192	0.8685788512229919	0.46658337116241455	0.870222270488739	0.0926627442240715	-0.48386651277542114
-0.37737005949020386	1.5107214450836182	-0.8736944794654846	0.9495749473571777	0.6040990948677063	0.40968329661939906	1	0.35204904979827656	2	0.23826765358232435	6	-0.4635111093521118	0.4868102967739105	-0.7403871417045593	0.16694489121437073	0.8685789108276367	0.4665834307670593	0.8702223300933838	0.09266277402639389	-0.48386651277542114
-0.37737005949020386	1.5107214450836182	-0.8736944794654846	0.9495749473571777	0.6040990948677063	0.40968329661939906	1	0.35204904979827656	2	0.23826765358232435	6	-0.42453792691230774	0.6850100159645081	-0.5920548439025879	0.24812467396259308	0.7168961763381958	0.6515321135520935	0.8707477450370789	0.12969666719436646	-0.4743174612522125
-0.5720053911209106	1.6508455276489258	-0.5720053911209106	0.9818060398101807	0.5443284511566162	0.431851377326605	1	0.36762824625856716	2	0.2005203764148278	3	-0.42453792691230774	0.6850100159645081	-0.5920548439025879	0.24812468886375427	0.7168961763381958	0.6515321135520935	0.8707478046417236	0.12969665229320526	-0.4743174910545349
-0.33737799525260925	1.7195773124694824	-0.6607239842414856	0.9931135773658752	0.5961598753929138	0.47590216911067446	1	0.3153527259759606	2	0.20874510491336493	3	-0.42453792691230774	0.6850100159645081	-0.5920548439025879	0.24812468886375427	0.7168961763381958	0.6515321135520935	0.8707478046417236	0.12969665229320526	-0.4743174910545349
1.862645149230957e-09	1.2475085258483887	-1.0853171348571777	0.8987105488777161	0.6907311081886292	0.5311872105194572	6	0.2657272655147904	1	0.20308552396575236	7	0.14734482765197754	0.4827991724014282	-0.8632464408874512	0.18296033143997192	0.8444063663482666	0.5034911632537842	0.9720159769058228	-0.23212669789791107	0.036085810512304306
0.37737005949020386	1.5107214450836182	-0.8736944794654846	0.9539309144020081	0.7471587657928467	0.7865989616695467	1	0.21340103833045332	3	0.0	0	0.14734482765197754	0.4827991724014282	-0.8632464408874512	0.18296033143997192	0.8444063663482666	0.5034911632537842	0.9720159769058228	-0.23212669789791107	0.036085810512304306
0.43515223264694214	1.2428525686264038	-1.0136463642120361	0.9023250937461853	0.7675608396530151	0.7135519251064827	1	0.18164859797313465	6	0.10479947692038266	3	0.14734482765197754	0.4827991724014282	-0.8632464408874512	0.18296033143997192	0.8444063663482666	0.5034911632537842	0.9720159769058228	-0.23212669789791107	0.036085810512304306
0.43515223264694214	1.2428525686264038	-1.0136463642120361	0.7957114577293396	0.26741352677345276	0.7135519251064827	1	0.18164859797313465	6	0.10479947692038266	3	0.44825783371925354	0.5017017722129822	-0.7398380041122437	0.31847918033599854	-0.8629712462425232	-0.39223912358283997	-0.8352459669113159	-0.059798724949359894	-0.5466151833534241
0.690136194229126	1.4920973777770996	-0.690136194229126	0.7574983239173889	0.18553650379180908	0.699742949571212	1	0.2793902623012554	3	0.020866788127532624	6	0.44825783371925354	0.5017017722129822	-0.7398380041122437	0.31847918033599854	-0.862971305847168	-0.39223912358283997	-0.8352460265159607	-0.059798747301101685	-0.5466152429580688
0.7973518371582031	1.238196611404419	-0.7973518371582031	0.7891109585762024	0.18234756588935852	0.7448699070843329	1	0.1315078854023467	3	0.12362220751332037	6	0.44825783371925354	0.5017017722129822	-0.7398380041122437	0.3184792101383209	-0.8629713654518127	-0.39223918318748474	-0.8352460861206055	-0.05979875475168228	-0.5466152429580688
0.0	1.5293455123901367	-0.9331716299057007	0.9534907341003418	0.6804044842720032	0.5295171029677466	1	0.24485461300263428	3	0.22562828402961912	6	0.14258548617362976	0.7199282646179199	-0.6792441606521606	0.2812984585762024	0.6284829378128052	0.7251761555671692	0.9489681720733643	-0.2944699227809906	-0.11290216445922852
0.33737799525260925	1.7195773124694824	-0.6607239842414856	0.9970079064369202	0.7240586280822754	0.6741557766206956	1	0.32262024922447347	3	0.003223974154831007	2	0.14258548617362976	0.7199282646179199	-0.6792441606521606	0.2812984585762024	0.6284829378128052	0.7251761555671692	0.9489681720733643	-0.2944699227809906	-0.11290216445922852
0.37737005949020386	1.5107214450836182	-0.8736944794654846	0.9539309144020081	0.7471587657928467	0.7865989616695467	1	0.21340103833045332	3	0.0	0	0.14258548617362976	0.7199282646179199	-0.6792441606521606	0.28129842877388	0.6284828782081604	0.7251761555671692	0.9489681720733643	-0.2944699227809906	-0.11290215700864792
0.37737005949020386	1.5107214450836182	-0.8736944794654846	0.48033407330513	0.012082277797162533	0.7865989616695467	1	0.21340103833045332	3	0.0	0	0.3836946189403534	0.7178287506103516	-0.5809478163719177	-0.6946342587471008	0.638879656791687	0.3306299149990082	0.6084914207458496	0.27668532729148865	0.7437630891799927
0.5720053911209106	1.6508455276489258	-0.5720053911209106	0.46770843863487244	0.0791054293513298	0.6529125483729674	1	0.34708745162703264	3	0.0	0	0.3836946189403534	0.7178287506103516	-0.5809478163719177	-0.694634199142456	0.6388795971870422	0.33062994480133057	0.6084913611412048	0.27668529748916626	0.7437630295753479
0.690136194229126	1.4920973777770996	-0.690136194229126	0.43785732984542847	0.06858393549919128	0.699742949571212	1	0.2793902623012554	3	0.020866788127532624	6	0.3836946189403534	0.7178287506103516	-0.5809478163719177	-0.6946342587471008	0.638879656791687	0.3306299149990082	0.6084914207458496	0.27668532729148865	0.7437630891799927
-0.49411946535110474	0.6492114067077637	-1.1529453992843628	0.7864808440208435	0.5989492535591125	0.7245079951095234	6	0.21090945037076866	0	0.06458255451970794	7	-0.2320951372385025	0.18693268299102783	-0.954561710357666	0.04537922516465187	0.9823720455169678	0.1813451498746872	0.971634030342102	-0.0012279414804652333	-0.23648662865161896
-0.47206029295921326	0.9394357204437256	-1.1014740467071533	0.8401709198951721	0.6007544994354248	0.6536542007911955	6	0.23461152669774699	7	0.11173427251105744	1	-0.2320951372385025	0.18693268299102783	-0.954561710357666	0.04537922516465187	0.9823720455169678	0.1813451498746872	0.971634030342102	-0.0012279414804652333	-0.23648662865161896
-0.36505770683288574	0.7206243872642517	-1.1703410148620605	0.7995917201042175	0.6251876950263977	0.7321656563914885	6	0.19819245132205313	0	0.06964189228645841	7	-0.2320951372385025	0.18693268299102783	-0.954561710357666	0.04537922143936157	0.982371985912323	0.1813451498746872	0.971634030342102	-0.001227937638759613	-0.23648661375045776
0.49411946535110474	0.6492114067077637	-1.1529453992843628	0.7921844124794006	0.7862681746482849	0.6752945744413643	6	0.21589962337687607	0	0.10880580218175963	1	0.16416208446025848	0.05366330221295357	-0.9849726557731628	-0.008249446749687195	0.9985589981079102	0.05302860587835312	0.9863988757133484	-0.0005798070342279971	0.16436821222305298
0.0	0.6492114067077637	-1.2352986335754395	0.7871034741401672	0.6990731358528137	0.8118425374153875	6	0.18815746258461252	0	0.0	1	0.16416208446025848	0.05366330221295357	-0.9849726557731628	-0.00824944581836462	0.9985589385032654	0.05302860215306282	0.9863989353179932	-0.0005798079655505717	0.16436821222305298
0.3785688877105713	0.7159368991851807	-1.16856849193573	0.803088903427124	0.765974760055542	0.7401904441473748	6	0.15139281508118632	0	0.1084167407714389	1	0.16416208446025848	0.05366330221295357	-0.9849726557731628	-0.008249446749687195	0.9985589981079102	0.05302860587835312	0.9863988757133484	-0.0005798070342279971	0.16436821222305298
0.7973518371582031	1.238196611404419	-0.7973518371582031	0.7891109585762024	0.18234756588935852	0.7448699070843329	1	0.1315078854023467	3	0.12362220751332037	6	0.49242350459098816	0.296739399433136	-0.8182083964347839	0.17895197868347168	-0.9545184373855591	-0.23847603797912598	-0.8517601490020752	-0.0289887934923172	-0.5231293439865112
0.47206029295921326	0.9394357204437256	-1.1014740467071533	0.8401404023170471	0.27211645245552063	0.43970914842352893	6	0.4015424523329072	1	0.15874839924356385	7	0.49242350459098816	0.296739399433136	-0.8182083964347839	0.17895197868347168	-0.9545183777809143	-0.2384760081768036	-0.8517601490020752	-0.028988812118768692	-0.523129403591156
0.43515223264694214	1.2428525686264038	-1.0136463642120361	0.7957114577293396	0.26741352677345276	0.7135519251064827	1	0.18164859797313465	6	0.10479947692038266	3	0.49242350459098816	0.296739399433136	-0.8182083964347839	0.17895197868347168	-0.9545184373855591	-0.23847603797912598	-0.8517601490020752	-0.0289887934923172	-0.5231293439865112
0.8654438853263855	0.9394357204437256	-0.8654438257217407	0.8321823477745056	0.1796015202999115	0.6863491343149999	1	0.2769108743116002	6	0.03673999137339993	7	0.505343496799469	0.18778109550476074	-0.8422389030456543	0.10488605499267578	-0.9821651577949524	-0.15604664385318756	-0.8565202951431274	-0.009481959976255894	-0.5160263776779175
0.49411946535110474	0.6492114067077637	-1.1529453992843628	0.884952962398529	0.27421754598617554	0.6752945744413643	6	0.21589962337687607	0	0.10880580218175963	1	0.505343496799469	0.18778109550476074	-0.8422389030456543	0.10488606244325638	-0.9821651577949524	-0.15604662895202637	-0.8565202951431274	-0.009481974877417088	-0.5160263776779175
0.47206029295921326	0.9394357204437256	-1.1014740467071533	0.8401404023170471	0.27211645245552063	0.43970914842352893	6	0.4015424523329072	1	0.15874839924356385	7	0.505343496799469	0.18778109550476074	-0.8422389030456543	0.10488606989383698	-0.9821652173995972	-0.15604664385318756	-0.8565202355384827	-0.00948196742683649	-0.5160263776779175
1.1801507472991943	0.9394357204437256	0.0	0.14746859669685364	0.5995998978614807	0.8275818073307	1	0.1450036843295714	3	0.02741450833972867	0	0.9436560869216919	0.29048433899879456	-0.15853075683116913	-0.3061242699623108	0.9482117891311646	-0.08474919199943542	0.1257024109363556	0.1285042017698288	0.9837101101875305
1.0136463642120361	1.2428526878356934	-0.4351522624492645	0.20050014555454254	0.5251430869102478	0.6750495220084957	1	0.2856824157722619	3	0.039268062219242485	6	0.9436560869216919	0.29048433899879456	-0.15853075683116913	-0.3061242699623108	0.9482117891311646	-0.08474918454885483	0.12570242583751678	0.1285042017698288	0.9837101101875305
1.0853171348571777	1.2475085258483887	0.0	0.2033850997686386	0.6046243906021118	0.6915290236307925	1	0.30847097636920745	3	0.0	0	0.9436560869216919	0.29048433899879456	-0.15853075683116913	-0.3061242401599884	0.9482117295265198	-0.08474917709827423	0.12570242583751678	0.1285042017698288	0.9837101697921753
1.1014740467071533	0.9394357204437256	-0.47206029295921326	0.8401404023170471	0.08981360495090485	0.6963591119745158	1	0.2873951247847478	6	0.016245763240736417	3	0.8182083368301392	0.29673925042152405	-0.49242356419563293	0.19182030856609344	-0.9483277797698975	-0.25274398922920227	-0.5419780015945435	0.11234040558338165	-0.8328502774238586
0.7973518371582031	1.238196611404419	-0.7973518371582031	0.7891109585762024	0.18234756588935852	0.7448699070843329	1	0.1315078854023467	3	0.12362220751332037	6	0.8182083368301392	0.29673925042152405	-0.49242356419563293	0.19182029366493225	-0.9483277201652527	-0.25274398922920227	-0.5419780015945435	0.11234041303396225	-0.8328502178192139
1.0136463642120361	1.2428526878356934	-0.4351522624492645	0.7957113981246948	0.09985899925231934	0.6750495220084957	1	0.2856824157722619	3	0.039268062219242485	6	0.8182083368301392	0.29673925042152405	-0.49242356419563293	0.19182029366493225	-0.9483277201652527	-0.25274398922920227	-0.5419780015945435	0.11234041303396225	-0.8328502178192139
1.2352986335754395	0.6492114067077637	0.0	0.09475713968276978	0.597171425819397	0.7405656973128605	0	0.2258656641756344	1	0.03356863851150511	6	0.9695109724998474	0.1842246651649475	-0.16158512234687805	-0.19370976090431213	0.9800301194190979	-0.044917669147253036	0.15008333325386047	0.07484877854585648	0.9858359694480896
1.1014740467071533	0.9394357204437256	-0.47206029295921326	0.14525635540485382	0.5134174227714539	0.6963591119745158	1	0.2873951247847478	6	0.016245763240736417	3	0.9695109724998474	0.1842246651649475	-0.16158512234687805	-0.19370977580547333	0.9800301194190979	-0.04491766169667244	0.15008333325386047	0.07484877854585648	0.9858360886573792
1.1801507472991943	0.9394357204437256	0.0	0.14746859669685364	0.5995998978614807	0.8275818073307	1	0.1450036843295714	3	0.02741450833972867	0	0.9695109724998474	0.1842246651649475	-0.16158512234687805	-0.19370974600315094	0.9800300598144531	-0.04491766542196274	0.15008333325386047	0.07484878599643707	0.9858360290527344
1.1529453992843628	0.6492114067077637	-0.49411946535110474	0.884952962398529	0.08339577168226242	0.5084951892159691	0	0.2613214302260456	6	0.23018338055798526	1	0.8422389030456543	0.18778106570243835	-0.5053434371948242	0.1166745126247406	-0.978651225566864	-0.16920049488544464	-0.5263276100158691	0.08354654163122177	-0.8461673855781555
0.8654438853263855	0.9394357204437256	-0.8654438257217407	0.8321823477745056	0.1796015202999115	0.6863491343149999	1	0.2769108743116002	6	0.03673999137339993	7	0.8422389030456543	0.18778106570243835	-0.5053434371948242	0.1166745126247406	-0.978651225566864	-0.16920049488544464	-0.5263276100158691	0.08354654163122177	-0.8461673855781555
1.1014740467071533	0.9394357204437256	-0.47206029295921326	0.8401404023170471	0.08981360495090485	0.6963591119745158	1	0.2873951247847478	6	0.016245763240736417	3	0.8422389030456543	0.18778106570243835	-0.5053434371948242	0.1166745275259018	-0.9786512851715088	-0.16920049488544464	-0.5263276100158691	0.08354652673006058	-0.8461673259735107
1.0853171348571777	1.2475085258483887	0.0	0.2033850997686386	0.6046243906021118	0.6915290236307925	1	0.30847097636920745	3	0.0	0	0.8686230778694153	0.4689132571220398	-0.16004528105258942	-0.49099770188331604	0.8579530119895935	-0.15112219750881195	0.06644812971353531	0.20985005795955658	0.9754730463027954
0.8736944794654846	1.5107214450836182	-0.37737005949020386	0.24932244420051575	0.5445858836174011	0.5592127868048902	1	0.4407872131951098	3	0.0	0	0.8686230778694153	0.4689132571220398	-0.16004528105258942	-0.49099770188331604	0.8579530119895935	-0.15112219750881195	0.06644812971353531	0.20985005795955658	0.9754730463027954
0.9331716299057007	1.5293455123901367	0.0	0.25447362661361694	0.6136288046836853	0.7264948556269948	1	0.2735051443730052	3	0.0	0	0.8686230778694153	0.4689132571220398	-0.16004528105258942	-0.49099770188331604	0.8579530119895935	-0.15112221240997314	0.06644812226295471	0.20985007286071777	0.9754730463027954
0.9331716299057007	1.5293455123901367	0.0	0.43902796506881714	0.21635453402996063	0.7264948556269948	1	0.2735051443730052	3	0.0	0	0.6896626353263855	0.7065637111663818	-0.15853463113307953	-0.6408939957618713	0.6974903345108032	0.32056528329849243	0.3370761573314667	-0.1194780021905899	0.9338654279708862
0.6607239842414856	1.7195773124694824	-0.33737799525260925	0.46794772148132324	0.12819792330265045	0.6180018258342761	1	0.3819981741657239	3	0.0	0	0.6896626353263855	0.7065637111663818	-0.15853463113307953	-0.6408940553665161	0.6974903345108032	0.3205653131008148	0.3370761573314667	-0.1194780170917511	0.9338654279708862
0.7035242319107056	1.7534997463226318	0.0	0.48173704743385315	0.19497554004192352	0.7310171515754635	1	0.26519503720209237	3	0.0037878112224441402	2	0.6896626353263855	0.7065637111663818	-0.15853463113307953	-0.6408939957618713	0.6974903345108032	0.3205653131008148	0.33707618713378906	-0.11947803199291229	0.933865487575531
1.0136463642120361	1.2428526878356934	-0.4351522624492645	0.7957113981246948	0.09985899925231934	0.6750495220084957	1	0.2856824157722619	3	0.039268062219242485	6	0.7403871417045593	0.4868102967739105	-0.4635111093521118	0.31997495889663696	-0.8616719245910645	-0.39387503266334534	-0.5911369919776917	0.14330805838108063	-0.7937378883361816
0.690136194229126	1.4920973777770996	-0.690136194229126	0.7574983239173889	0.18553650379180908	0.699742949571212	1	0.2793902623012554	3	0.020866788127532624	6	0.7403871417045593	0.4868102967739105	-0.4635111093521118	0.3199749290943146	-0.8616719245910645	-0.39387503266334534	-0.5911369919776917	0.14330807328224182	-0.7937378883361816
0.8736944794654846	1.5107214450836182	-0.37737005949020386	0.7609186768531799	0.11487624049186707	0.5592127868048902	1	0.4407872131951098	3	0.0	0	0.7403871417045593	0.4868102967739105	-0.4635111093521118	0.3199749290943146	-0.8616719841957092	-0.3938750922679901	-0.5911369919776917	0.1433081030845642	-0.7937378883361816
0.8736944794654846	1.5107214450836182	-0.37737005949020386	0.42588767409324646	0.1403602659702301	0.5592127868048902	1	0.4407872131951098	3	0.0	0	0.5920548439025879	0.6850100159645081	-0.42453792691230774	-0.6128296256065369	0.7247891426086426	0.3148341774940491	0.5233649611473083	0.07377030700445175	0.8489092588424683
0.5720053911209106	1.6508455276489258	-0.5720053911209106	0.46770843863487244	0.0791054293513298	0.6529125483729674	1	0.34708745162703264	3	0.0	0	0.5920548439025879	0.6850100159645081	-0.42453792691230774	-0.6128296256065369	0.7247891426086426	0.3148341774940491	0.5233649611473083	0.07377030700445175	0.8489092588424683
0.6607239842414856	1.7195773124694824	-0.33737799525260925	0.46794772148132324	0.12819792330265045	0.6180018258342761	1	0.3819981741657239	3	0.0	0	0.5920548439025879	0.6850100159645081	-0.42453792691230774	-0.6128296256065369	0.7247891426086426	0.3148341774940491	0.5233649611473083	0.07377030700445175	0.8489092588424683
0.0	-0.014278572052717209	0.0	0.20176570117473602	0.2494354248046875	1.0	0	0.0	1	0.0	0	-0.03590736910700798	-0.9988077878952026	-0.033072032034397125	-0.9856414198875427	0.029931621626019478	0.16617825627326965	-0.16499021649360657	0.03856418654322624	-0.9855409860610962
-0.44926658272743225	0.01674855872988701	-0.44926658272743225	0.26889166235923767	0.35576769709587097	0.7788111481003024	0	0.2118811613062258	6	0.00930769059347177	9	-0.03590736910700798	-0.9988077878952026	-0.033072032034397125	-0.985641360282898	0.02993161976337433	0.16617828607559204	-0.16499026119709015	0.03856418654322624	-0.985541045665741
0.0	0.0017051007598638535	-0.48272258043289185	0.18726642429828644	0.3472025990486145	0.8000047016420115	0	0.1999952983579885	6	0.0	1	-0.03590736910700798	-0.9988077878952026	-0.033072032034397125	-0.9856414198875427	0.029931621626019478	0.16617828607559204	-0.16499024629592896	0.03856418654322624	-0.9855409860610962
0.0	0.0017051007598638535	-0.48272258043289185	0.18726642429828644	0.3472025990486145	0.8000047016420115	0	0.1999952983579885	6	0.0	1	-0.04582703486084938	-0.9920087456703186	-0.11755283176898956	-0.9857812523841858	0.025864673778414726	0.16603130102157593	-0.16166405379772186	0.1234900951385498	-0.9790889024734497
-0.41581055521965027	0.06140882521867752	-0.8244519233703613	0.25173595547676086	0.43089550733566284	0.6033053747067163	0	0.39669462529328364	6	0.0	1	-0.04582703486084938	-0.9920087456703186	-0.11755283176898956	-0.9857812523841858	0.025864673778414726	0.16603131592273712	-0.16166405379772186	0.1234900951385498	-0.9790889024734497
0.0	0.04942106828093529	-0.8853896856307983	0.1752922236919403	0.42904677987098694	0.578541527208585	0	0.421458472791415	6	0.0	1	-0.04582703486084938	-0.9920087456703186	-0.11755283176898956	-0.9857812523841858	0.025864673778414726	0.16603131592273712	-0.16166405379772186	0.1234900951385498	-0.9790889024734497
-0.48272258043289185	0.0017051007598638535	0.0	0.2883848547935486	0.26590731739997864	0.8633115751806341	0	0.06834515150686375	9	0.06834327331250219	6	-0.12181141972541809	-0.9916526079177856	-0.04227602854371071	-0.9791793823242188	0.11309254914522171	0.1685757040977478	-0.1623874306678772	0.06193026155233383	-0.9847817420959473
-0.8244519233703613	0.06140882521867752	-0.41581055521965027	0.3373362123966217	0.3620762526988983	0.7542326276892442	0	0.20581503531494724	6	0.03995233699580856	9	-0.12181141972541809	-0.9916526079177856	-0.04227602854371071	-0.9791794419288635	0.11309254914522171	0.1685757040977478	-0.162387415766716	0.061930254101753235	-0.9847816824913025
-0.44926658272743225	0.01674855872988701	-0.44926658272743225	0.26889166235923767	0.35576769709587097	0.7788111481003024	0	0.2118811613062258	6	0.00930769059347177	9	-0.12181141972541809	-0.9916526079177856	-0.04227602854371071	-0.9791793823242188	0.11309254914522171	0.1685757040977478	-0.1623874306678772	0.06193026155233383	-0.9847817420959473
-0.44926658272743225	0.01674855872988701	-0.44926658272743225	0.26889166235923767	0.35576769709587097	0.7788111481003024	0	0.2118811613062258	6	0.00930769059347177	9	-0.1396019458770752	-0.9817283749580383	-0.129308819770813	-0.9787108898162842	0.11695786565542221	0.16865894198417664	-0.150453582406044	0.15010106563568115	-0.9771558046340942
-0.7009834051132202	0.08569774031639099	-0.7009834051132202	0.30668193101882935	0.4157801866531372	0.6531290921624447	0	0.3420718119369026	6	0.004799095900652624	2	-0.1396019458770752	-0.9817283749580383	-0.129308819770813	-0.9787108898162842	0.11695786565542221	0.16865894198417664	-0.150453582406044	0.15010106563568115	-0.9771558046340942
-0.41581055521965027	0.06140882521867752	-0.8244519233703613	0.25173595547676086	0.43089550733566284	0.6033053747067163	0	0.39669462529328364	6	0.0	1	-0.1396019458770752	-0.9817283749580383	-0.129308819770813	-0.978710949420929	0.1169578805565834	0.16865894198417664	-0.1504535675048828	0.15010106563568115	-0.9771557450294495
0.0	-0.014278572052717209	0.0	0.20176570117473602	0.2494354248046875	1.0	0	0.0	1	0.0	0	0.033072032034397125	-0.9988077878952026	-0.03590736910700798	-0.9858170747756958	-0.038514167070388794	0.1633446365594864	-0.1645328253507614	0.029995953664183617	-0.9859154224395752
0.44926658272743225	0.01674855872988701	-0.44926658272743225	0.10776416212320328	0.32535889744758606	0.7969251445076203	0	0.20307485549237972	6	0.0	1	0.033072032034397125	-0.9988077878952026	-0.03590736910700798	-0.985817015171051	-0.038514167070388794	0.1633446216583252	-0.1645328253507614	0.029995957389473915	-0.98591548204422
0.48272258043289185	0.0017051007598638535	0.0	0.11525852233171463	0.2332340031862259	0.8817700566238404	0	0.05920039091285033	6	0.05902955246330925	9	0.033072032034397125	-0.9988077878952026	-0.03590736910700798	-0.985817015171051	-0.038514167070388794	0.1633446365594864	-0.1645328402519226	0.029995957389473915	-0.98591548204422
0.48272258043289185	0.0017051007598638535	0.0	0.11525852233171463	0.2332340031862259	0.8817700566238404	0	0.05920039091285033	6	0.05902955246330925	9	0.11755283176898956	-0.9920087456703186	-0.04582703486084938	-0.9795754551887512	-0.1234130933880806	0.15874911844730377	-0.16313615441322327	0.026229629293084145	-0.9862548112869263
0.8244519233703613	0.06140882521867752	-0.41581055521965027	0.041650135070085526	0.30627283453941345	0.803656513415631	0	0.18333326073237838	6	0.013010225851990544	9	0.11755283176898956	-0.9920087456703186	-0.04582703486084938	-0.9795754551887512	-0.1234130933880806	0.15874914824962616	-0.16313618421554565	0.026229625567793846	-0.9862548112869263
0.8853896856307983	0.04942106828093529	0.0	0.04321831464767456	0.22001032531261444	0.8596590966771935	0	0.0702799860743373	6	0.07006091724846916	9	0.11755283176898956	-0.9920087456703186	-0.04582703486084938	-0.9795753955841064	-0.1234130859375	0.15874913334846497	-0.16313618421554565	0.026229629293084145	-0.986254870891571
0.0	0.0017051007598638535	-0.48272258043289185	0.18726642429828644	0.3472025990486145	0.8000047016420115	0	0.1999952983579885	6	0.0	1	0.04227602854371071	-0.9916526079177856	-0.12181141972541809	-0.9848141670227051	-0.06190841272473335	0.16219832003116608	-0.16838553547859192	0.11310450732707977	-0.9792107939720154
0.41581055521965027	0.06140882521867752	-0.8244519233703613	0.10260733217000961	0.40275120735168457	0.6109557815293661	0	0.3890442184706339	6	0.0	1	0.04227602854371071	-0.9916526079177856	-0.12181141972541809	-0.9848142266273499	-0.06190841645002365	0.16219832003116608	-0.16838552057743073	0.11310450732707977	-0.9792107343673706
0.44926658272743225	0.01674855872988701	-0.44926658272743225	0.10776416212320328	0.32535889744758606	0.7969251445076203	0	0.20307485549237972	6	0.0	1	0.04227602854371071	-0.9916526079177856	-0.12181141972541809	-0.9848142266273499	-0.06190841645002365	0.16219832003116608	-0.16838552057743073	0.11310450732707977	-0.9792107343673706
0.44926658272743225	0.01674855872988701	-0.44926658272743225	0.10776416212320328	0.32535889744758606	0.7969251445076203	0	0.20307485549237972	6	0.0	1	0.129308819770813	-0.9817283749580383	-0.1396019458770752	-0.9760046601295471	-0.15088076889514923	0.15700304508209229	-0.17519758641719818	0.11595025658607483	-0.977681577205658
0.7009834051132202	0.08569774031639099	-0.7009834051132202	0.05527731031179428	0.3683337867259979	0.6732318061316395	0	0.32676819386836053	6	0.0	1	0.129308819770813	-0.9817283749580383	-0.1396019458770752	-0.9760046601295471	-0.15088076889514923	0.15700304508209229	-0.17519758641719818	0.11595025658607483	-0.977681577205658
0.8244519233703613	0.06140882521867752	-0.41581055521965027	0.041650135070085526	0.30627283453941345	0.803656513415631	0	0.18333326073237838	6	0.013010225851990544	9	0.129308819770813	-0.9817283749580383	-0.1396019458770752	-0.9760047197341919	-0.15088076889514923	0.15700305998325348	-0.17519760131835938	0.11595025658607483	-0.9776816368103027
