3392	1810	12
-0.061817530542612076	-0.44267404079437256	0.3784576654434204	0.31886425614356995	0.8749061822891235	1.0	1	0.0	0	0.0	0	-0.3851850628852844	0.22862780094146729	0.8940703272819519	-0.07859630137681961	0.9571781754493713	-0.2786264717578888	-0.9194863438606262	-0.17759336531162262	-0.35072141885757446
-0.39960309863090515	-0.4108200967311859	0.2247866988182068	0.32987257838249207	0.9290884733200073	1.0	1	0.0	0	0.0	0	-0.3851850628852844	0.22862780094146729	0.8940703272819519	-0.07859630137681961	0.9571781158447266	-0.2786264717578888	-0.919486403465271	-0.177593395113945	-0.35072141885757446
-0.39960306882858276	-0.48681002855300903	0.24421852827072144	0.3173410892486572	0.9300971627235413	1.0	1	0.0	0	0.0	0	-0.3851850628852844	0.22862780094146729	0.8940703272819519	-0.07859629392623901	0.9571781158447266	-0.2786264419555664	-0.919486403465271	-0.17759336531162262	-0.35072141885757446
-0.39960306882858276	-0.48681002855300903	0.24421852827072144	0.15124371647834778	0.4807588756084442	1.0	1	0.0	0	0.0	0	-0.9671812653541565	0.06278859078884125	0.24620723724365234	-0.0006929355440661311	0.9683310389518738	-0.24966908991336823	-0.2540864944458008	-0.24164587259292603	-0.9365081191062927
-0.4982968866825104	-0.5036426186561584	-0.13918986916542053	0.16404153406620026	0.5431746244430542	1.0	1	0.0	0	0.0	0	-0.9671812653541565	0.06278859078884125	0.24620723724365234	-0.000692928209900856	0.9683309197425842	-0.24966903030872345	-0.2540864944458008	-0.24164584279060364	-0.9365081191062927
-0.4982968866825104	-0.6196964979171753	-0.10959342122077942	0.14449964463710785	0.5432271361351013	1.0	1	0.0	0	0.0	0	-0.9671812653541565	0.06278859078884125	0.24620723724365234	-0.0006929319351911545	0.9683310389518738	-0.24966907501220703	-0.2540864944458008	-0.24164585769176483	-0.9365081191062927
-0.4982968866825104	-0.6196964979171753	-0.10959342122077942	0.9052166938781738	0.7915911078453064	1.0	1	0.0	0	0.0	0	-0.7366575598716736	-0.16711489856243134	-0.6552925705909729	0.07739745825529099	0.9417853951454163	-0.3271848261356354	0.6718224287033081	-0.29174113273620605	-0.6808390021324158
-0.2217629998922348	-0.5780805349349976	-0.43107643723487854	0.9157722592353821	0.8398835062980652	1.0	1	0.0	0	0.0	0	-0.7366575598716736	-0.16711489856243134	-0.6552925705909729	0.07739745825529099	0.9417853355407715	-0.3271848261356354	0.6718224287033081	-0.29174116253852844	-0.6808390617370605
-0.2217629849910736	-0.7104853391647339	-0.39731013774871826	0.8944422602653503	0.8418075442314148	1.0	1	0.0	0	0.0	0	-0.7366575598716736	-0.16711489856243134	-0.6552925705909729	0.07739745080471039	0.9417853951454163	-0.3271848261356354	0.6718224287033081	-0.29174113273620605	-0.6808390021324158
-0.2217629849910736	-0.7104853391647339	-0.39731013774871826	0.8944422602653503	0.8418075442314148	1.0	1	0.0	0	0.0	0	-1.306213022189695e-07	-0.24711403250694275	-0.9689863920211792	0.08678026497364044	0.9653308987617493	-0.24618181586265564	0.996227502822876	-0.08408892899751663	0.021444493904709816
0.22176289558410645	-0.5780805349349976	-0.4310764968395233	0.9239125847816467	0.9115776419639587	1.0	1	0.0	0	0.0	0	-1.306213022189695e-07	-0.24711403250694275	-0.9689863920211792	0.08678027242422104	0.965330958366394	-0.24618183076381683	0.9962275624275208	-0.08408893644809723	0.021444495767354965
0.22176291048526764	-0.7104853391647339	-0.39731019735336304	0.902582585811615	0.9135016798973083	1.0	1	0.0	0	0.0	0	-1.306213022189695e-07	-0.24711403250694275	-0.9689863920211792	0.08678025752305984	0.965330958366394	-0.24618183076381683	0.9962275624275208	-0.08408892154693604	0.021444492042064667
0.22176289558410645	-0.5780805349349976	-0.4310764968395233	0.9441499710083008	0.5713787078857422	1.0	1	0.0	0	0.0	0	0.7366573810577393	-0.1671147644519806	-0.655292809009552	1.3701597367798968e-07	-0.9689863920211792	0.24711400270462036	-0.6762661933898926	-0.18203842639923096	-0.713810920715332
0.4982968866825104	-0.6196965575218201	-0.10959360003471375	0.9661803245544434	0.5219466090202332	1.0	1	0.0	0	0.0	0	0.7366573810577393	-0.1671147644519806	-0.655292809009552	1.2603894106177904e-07	-0.9689863920211792	0.24711400270462036	-0.6762661933898926	-0.18203842639923096	-0.713810920715332
0.22176291048526764	-0.7104853391647339	-0.39731019735336304	0.9664127230644226	0.5713787078857422	1.0	1	0.0	0	0.0	0	0.7366573810577393	-0.1671147644519806	-0.655292809009552	1.2603894106177904e-07	-0.9689863920211792	0.24711400270462036	-0.6762661933898926	-0.18203842639923096	-0.713810920715332
0.3996031880378723	-0.4108201563358307	0.22478650510311127	0.6512581706047058	0.20331929624080658	1.0	1	0.0	0	0.0	0	2.637362683799438e-07	0.9689863920211792	-0.24711403250694275	-0.00030044803861528635	-0.24711403250694275	-0.9689863920211792	-0.9999999403953552	7.45004799682647e-05	0.0002910649054683745
0.3992796540260315	-0.4987911880016327	-0.12016652524471283	0.7067235708236694	0.2033546417951584	1.0	1	0.0	0	0.0	0	2.637362683799438e-07	0.9689863920211792	-0.24711403250694275	-0.00030044803861528635	-0.24711403250694275	-0.9689863920211792	-1.0	7.45004799682647e-05	0.0002910649054683745
0.32019752264022827	-0.4244135618209839	0.17148379981517792	0.659828782081604	0.21627570688724518	1.0	1	0.0	0	0.0	0	2.637362683799438e-07	0.9689863920211792	-0.24711403250694275	-0.00030044803861528635	-0.24711403250694275	-0.9689863920211792	-1.0	7.45004799682647e-05	0.0002910649054683745
0.4982968866825104	-0.5036426782608032	-0.13919004797935486	0.9466668367385864	0.5219466090202332	1.0	1	0.0	0	0.0	0	0.9671814441680908	0.06278849393129349	0.2462068796157837	-8.3691258367935e-09	-0.9689863324165344	0.2471141368150711	0.25408703088760376	-0.2390042096376419	-0.9371855854988098
0.3996032178401947	-0.4868100881576538	0.2442183494567871	0.9585210680961609	0.4607337415218353	1.0	1	0.0	0	0.0	0	0.9671814441680908	0.06278849393129349	0.2462068796157837	-1.1972159263962112e-08	-0.968986451625824	0.2471141815185547	0.25408703088760376	-0.2390042245388031	-0.9371855854988098
0.4982968866825104	-0.6196965575218201	-0.10959360003471375	0.9661803245544434	0.5219466090202332	1.0	1	0.0	0	0.0	0	0.9671814441680908	0.06278849393129349	0.2462068796157837	-8.36912672497192e-09	-0.9689863920211792	0.2471141517162323	0.25408706068992615	-0.2390042245388031	-0.9371856451034546
-0.39960306882858276	-0.48681002855300903	0.24421852827072144	0.022213421761989594	0.599721372127533	1.0	1	0.0	0	0.0	0	0.03316695988178253	-0.9334043860435486	0.35729020833969116	0.00866580381989479	-0.3572048544883728	-0.9339858889579773	0.9994122982025146	0.03407368063926697	-0.003758699633181095
-0.3975430727005005	-0.6147600412368774	-0.09023627638816833	0.07769262045621872	0.5995510220527649	1.0	1	0.0	0	0.0	0	0.03316695988178253	-0.9334043860435486	0.35729020833969116	0.008665804751217365	-0.3572048842906952	-0.9339859485626221	0.9994122982025146	0.03407367691397667	-0.003758699633181095
-0.3188048005104065	-0.5042927265167236	0.19104532897472382	0.03101233020424843	0.6128351092338562	1.0	1	0.0	0	0.0	0	0.03316695988178253	-0.9334043860435486	0.35729020833969116	0.008665804751217365	-0.3572048842906952	-0.9339858889579773	0.9994122385978699	0.03407367691397667	-0.003758699167519808
-0.2217629998922348	-0.5780805349349976	-0.43107643723487854	0.7567151784896851	0.30469390749931335	1.0	1	0.0	0	0.0	0	-3.302015016970472e-08	0.968986451625824	-0.2471139281988144	-0.00030009238980710506	-0.2471139132976532	-0.9689863920211792	-1.0	7.412501145154238e-05	0.0002907935995608568
0.1776961088180542	-0.5584374666213989	-0.3540518283843994	0.7443302869796753	0.23950552940368652	1.0	1	0.0	0	0.0	0	-3.302015016970472e-08	0.968986451625824	-0.2471139281988144	-0.00030009238980710506	-0.2471139132976532	-0.9689863920211792	-1.0	7.412501145154238e-05	0.0002907935995608568
0.22176289558410645	-0.5780805349349976	-0.4310764968395233	0.7567151784896851	0.23230987787246704	1.0	1	0.0	0	0.0	0	-3.302015016970472e-08	0.968986451625824	-0.2471139281988144	-0.00030009238980710506	-0.2471139132976532	-0.9689863920211792	-1.0	7.412501145154238e-05	0.0002907935995608568
0.07535597681999207	-0.37730029225349426	0.35622483491897583	0.630124032497406	0.2562435269355774	1.0	1	0.0	0	0.0	0	-6.094292359648534e-08	0.9689863324165344	-0.2471141219139099	-0.0002989237254951149	-0.2471141368150711	-0.9689863920211792	-1.0	7.380922033917159e-05	0.00028966806712560356
0.32019752264022827	-0.4244135618209839	0.17148379981517792	0.659828782081604	0.21627570688724518	1.0	1	0.0	0	0.0	0	-6.094292359648534e-08	0.9689863324165344	-0.2471141219139099	-0.0002989237254951149	-0.2471141368150711	-0.9689863920211792	-0.9999999403953552	7.38092276151292e-05	0.00028966806712560356
0.06038188189268112	-0.39755451679229736	0.27680379152297974	0.6428942680358887	0.25868332386016846	1.0	1	0.0	0	0.0	0	-6.094292359648534e-08	0.9689863324165344	-0.2471141219139099	-0.0002989237254951149	-0.2471141368150711	-0.9689863920211792	-1.0	7.380922033917159e-05	0.00028966806712560356
-0.39960309863090515	-0.4108200967311859	0.2247866988182068	0.6512581706047058	0.3337508738040924	1.0	1	0.0	0	0.0	0	-2.4434899614789174e-07	0.968986451625824	-0.24711409211158752	-0.00030099230934865773	-0.24711407721042633	-0.9689863920211792	-1.0	7.4142670200672e-05	0.0002917178499046713
-0.3992796540260315	-0.4987911581993103	-0.1201663687825203	0.7067235708236694	0.3336805999279022	1.0	1	0.0	0	0.0	0	-2.4434899614789174e-07	0.968986451625824	-0.24711409211158752	-0.00030099230934865773	-0.24711407721042633	-0.9689863920211792	-1.0	7.4142670200672e-05	0.0002917178499046713
-0.4982968866825104	-0.5036426186561584	-0.13918986916542053	0.7097824215888977	0.34983938932418823	1.0	1	0.0	0	0.0	0	-2.4434899614789174e-07	0.968986451625824	-0.24711409211158752	-0.00030099230934865773	-0.24711406230926514	-0.9689863324165344	-1.0	7.4142670200672e-05	0.0002917178499046713
0.22176289558410645	-0.5780805349349976	-0.4310764968395233	0.7567151784896851	0.23230987787246704	1.0	1	0.0	0	0.0	0	3.9954369412953383e-07	0.9689863324165344	-0.24711450934410095	-0.0003005778125952929	-0.24711450934410095	-0.9689863324165344	-0.9999999403953552	7.466428360203281e-05	0.0002911570481956005
0.3992796540260315	-0.4987911880016327	-0.12016652524471283	0.7067235708236694	0.2033546417951584	1.0	1	0.0	0	0.0	0	3.9954369412953383e-07	0.9689863324165344	-0.24711450934410095	-0.0003005778125952929	-0.24711450934410095	-0.9689863324165344	-0.9999999403953552	7.466428360203281e-05	0.0002911570481956005
0.4982968866825104	-0.5036426782608032	-0.13919004797935486	0.7097823619842529	0.18719393014907837	1.0	1	0.0	0	0.0	0	3.9954369412953383e-07	0.9689863324165344	-0.24711450934410095	-0.0003005778125952929	-0.24711449444293976	-0.9689862728118896	-1.0	7.466429087799042e-05	0.00029115707729943097
-0.2217629998922348	-0.5780805349349976	-0.43107643723487854	0.7567151784896851	0.30469390749931335	1.0	1	0.0	0	0.0	0	3.9560444520247984e-07	0.968986451625824	-0.2471141517162323	-0.00030020039412193	-0.24711410701274872	-0.9689863324165344	-1.0	7.456709863618016e-05	0.0002907923480961472
-0.3992796540260315	-0.4987911581993103	-0.1201663687825203	0.7067235708236694	0.3336805999279022	1.0	1	0.0	0	0.0	0	3.9560444520247984e-07	0.968986451625824	-0.2471141517162323	-0.00030020042322576046	-0.2471141368150711	-0.9689863920211792	-0.9999999403953552	7.456709863618016e-05	0.0002907923480961472
-0.17769618332386017	-0.5584374666213989	-0.35405176877975464	0.7443302869796753	0.29750603437423706	1.0	1	0.0	0	0.0	0	3.9560444520247984e-07	0.968986451625824	-0.2471141517162323	-0.00030020042322576046	-0.2471141368150711	-0.9689863920211792	-0.9999999403953552	7.456709863618016e-05	0.0002907923480961472
-0.04931825026869774	-0.4690808355808258	0.2981417179107666	0.9857919216156006	0.13710817694664001	1.0	1	0.0	0	0.0	0	0.385850727558136	-0.20842234790325165	-0.898709774017334	-0.13901591300964355	0.9498883485794067	-0.2799761891365051	0.9120272397994995	0.23296397924423218	0.3375411033630371
-0.3201974630355835	-0.4244135618209839	0.17148393392562866	0.997437059879303	0.09580256044864655	1.0	1	0.0	0	0.0	0	0.385850727558136	-0.20842234790325165	-0.898709774017334	-0.13901592791080475	0.9498883485794067	-0.2799762189388275	0.9120272397994995	0.23296400904655457	0.3375411033630371
-0.04953370243310928	-0.3964330554008484	0.2812012732028961	0.997437059879303	0.1387358456850052	1.0	1	0.0	0	0.0	0	0.385850727558136	-0.20842234790325165	-0.898709774017334	-0.13901592791080475	0.9498884081840515	-0.2799762189388275	0.9120272994041443	0.23296400904655457	0.3375411331653595
-0.17769618332386017	-0.5584374666213989	-0.35405176877975464	0.9732022881507874	0.8898591995239258	1.0	1	0.0	0	0.0	0	0.7369993329048157	0.17772088944911957	0.6521099209785461	0.032779864966869354	0.9542778134346008	-0.2971183955669403	-0.675098180770874	0.24035213887691498	0.6974764466285706
-0.3975430727005005	-0.6147600412368774	-0.09023627638816833	0.9536963701248169	0.9281261563301086	1.0	1	0.0	0	0.0	0	0.7369993329048157	0.17772088944911957	0.6521099209785461	0.03277987986803055	0.9542778730392456	-0.2971183955669403	-0.675098180770874	0.24035215377807617	0.6974764466285706
-0.17692330479621887	-0.6904977560043335	-0.3189345896244049	0.9509508609771729	0.8889268636703491	1.0	1	0.0	0	0.0	0	0.7369993329048157	0.17772088944911957	0.6521099209785461	0.03277987986803055	0.9542778134346008	-0.2971183955669403	-0.675098180770874	0.24035215377807617	0.6974763870239258
-0.3188048005104065	-0.5042927265167236	0.19104532897472382	0.9565461277961731	0.9773550033569336	1.0	1	0.0	0	0.0	0	0.9670019745826721	-0.04456840455532074	-0.2508406341075897	-0.033037859946489334	0.9543294310569763	-0.29692405462265015	0.2526180148124695	0.29541337490081787	0.9213658571243286
-0.3992796540260315	-0.4987911581993103	-0.1201663687825203	0.9732022881507874	0.929085910320282	1.0	1	0.0	0	0.0	0	0.9670019745826721	-0.04456840455532074	-0.2508406341075897	-0.03303786739706993	0.9543294310569763	-0.29692408442497253	0.2526180148124695	0.29541340470314026	0.9213658571243286
-0.3201974630355835	-0.4244135618209839	0.17148393392562866	0.969932496547699	0.9781802892684937	1.0	1	0.0	0	0.0	0	0.9670019745826721	-0.04456840455532074	-0.2508406341075897	-0.03303786739706993	0.9543294310569763	-0.29692408442497253	0.2526180148124695	0.29541340470314026	0.9213658571243286
0.22176291048526764	-0.7104853391647339	-0.39731019735336304	0.12846682965755463	0.7002170085906982	1.0	1	0.0	0	0.0	0	0.04761669784784317	-0.9610259532928467	0.27232685685157776	0.006288749631494284	-0.2723422646522522	-0.9621798396110535	0.9988459348678589	0.04752841964364052	-0.0069243875332176685
0.3975430727005005	-0.6147600412368774	-0.09023641049861908	0.07769261300563812	0.7292607426643372	1.0	1	0.0	0	0.0	0	0.04761669784784317	-0.9610259532928467	0.27232685685157776	0.006288749165832996	-0.2723422646522522	-0.9621798396110535	0.9988459348678589	0.04752841964364052	-0.006924387998878956
0.1769232600927353	-0.6904976963996887	-0.3189346492290497	0.11554086953401566	0.6929755806922913	1.0	1	0.0	0	0.0	0	0.04761669784784317	-0.9610259532928467	0.27232685685157776	0.006288748234510422	-0.2723422646522522	-0.9621798992156982	0.9988458752632141	0.04752841591835022	-0.0069243875332176685
-0.061817530542612076	-0.44267404079437256	0.3784576654434204	0.0	0.654998242855072	1.0	1	0.0	0	0.0	0	1.539818867968279e-07	-0.9499711394309998	0.3123376965522766	0.007406140211969614	-0.31232911348342896	-0.9499450325965881	0.9999725222587585	0.0023133631329983473	0.007035571616142988
-0.3188048005104065	-0.5042927265167236	0.19104532897472382	0.03101233020424843	0.6128351092338562	1.0	1	0.0	0	0.0	0	1.539818867968279e-07	-0.9499711394309998	0.3123376965522766	0.007406139746308327	-0.31232911348342896	-0.9499450325965881	0.9999725222587585	0.0023133629001677036	0.007035571150481701
-0.04931825026869774	-0.4690808355808258	0.2981417179107666	0.01329039502888918	0.6569352149963379	1.0	1	0.0	0	0.0	0	1.539818867968279e-07	-0.9499711394309998	0.3123376965522766	0.007406140211969614	-0.31232911348342896	-0.9499450325965881	0.9999725222587585	0.0023133631329983473	0.007035571616142988
-0.2217629849910736	-0.7104853391647339	-0.39731013774871826	0.12846684455871582	0.6278605461120605	1.0	1	0.0	0	0.0	0	-0.009386108256876469	-0.9561600089073181	0.29269444942474365	0.006860917899757624	-0.29276207089424133	-0.9561607837677002	0.9999324083328247	-0.006966475397348404	0.00930803082883358
-0.3975430727005005	-0.6147600412368774	-0.09023627638816833	0.07769262045621872	0.5995510220527649	1.0	1	0.0	0	0.0	0	-0.009386108256876469	-0.9561600089073181	0.29269444942474365	0.0068609160371124744	-0.29276204109191895	-0.9561606645584106	0.9999324083328247	-0.006966475397348404	0.009308029897511005
-0.4982968866825104	-0.6196964979171753	-0.10959342122077942	0.08088506758213043	0.583095908164978	1.0	1	0.0	0	0.0	0	-0.009386108256876469	-0.9561600089073181	0.29269444942474365	0.006860916968435049	-0.29276207089424133	-0.9561607837677002	0.9999324083328247	-0.006966475863009691	0.009308029897511005
0.3996032178401947	-0.4868100881576538	0.2442183494567871	0.022213421761989594	0.7301033139228821	1.0	1	0.0	0	0.0	0	0.022854095324873924	-0.9337894916534424	0.35709232091903687	0.008660808205604553	-0.35698726773262024	-0.934069037437439	0.9997012615203857	0.024440009146928787	-7.124896364985034e-05
0.3975430727005005	-0.6147600412368774	-0.09023641049861908	0.07769261300563812	0.7292607426643372	1.0	1	0.0	0	0.0	0	0.022854095324873924	-0.9337894916534424	0.35709232091903687	0.008660807274281979	-0.35698726773262024	-0.934069037437439	0.9997012615203857	0.024440009146928787	-7.124989497242495e-05
0.4982968866825104	-0.6196965575218201	-0.10959360003471375	0.08088506758213043	0.7456794381141663	1.0	1	0.0	0	0.0	0	0.022854095324873924	-0.9337894916534424	0.35709232091903687	0.008660808205604553	-0.35698726773262024	-0.9340690970420837	0.9997013211250305	0.024440012872219086	-7.124990224838257e-05
0.22176291048526764	-0.7104853391647339	-0.39731019735336304	0.12846682965755463	0.7002170085906982	1.0	1	0.0	0	0.0	0	3.245100899107456e-08	-0.9689863920211792	0.24711398780345917	0.005586748942732811	-0.24711017310619354	-0.9689713716506958	0.9999844431877136	0.0013805952621623874	0.005413475912064314
-0.17692330479621887	-0.6904977560043335	-0.3189345896244049	0.11554086953401566	0.6352493762969971	1.0	1	0.0	0	0.0	0	3.245100899107456e-08	-0.9689863920211792	0.24711398780345917	0.005586748942732811	-0.24711014330387115	-0.968971312046051	0.9999843835830688	0.0013805952621623874	0.005413475912064314
-0.2217629849910736	-0.7104853391647339	-0.39731013774871826	0.12846684455871582	0.6278605461120605	1.0	1	0.0	0	0.0	0	3.245100899107456e-08	-0.9689863920211792	0.24711398780345917	0.005586748942732811	-0.24711015820503235	-0.9689713716506958	0.9999844431877136	0.0013805952621623874	0.005413475912064314
0.3992796540260315	-0.4987911880016327	-0.12016652524471283	0.1866379678249359	0.9333714842796326	1.0	1	0.0	0	0.0	0	-0.9670019149780273	-0.04456815868616104	-0.2508404552936554	0.023092886433005333	0.965193510055542	-0.2605152428150177	0.2537202835083008	-0.25771138072013855	-0.9323148727416992
0.31880486011505127	-0.5042927265167236	0.1910451352596283	0.1723863035440445	0.8858253955841064	1.0	1	0.0	0	0.0	0	-0.9670019149780273	-0.04456815868616104	-0.2508404552936554	0.02309289202094078	0.9651935696601868	-0.2605152726173401	0.2537202835083008	-0.25771138072013855	-0.9323148131370544
0.32019752264022827	-0.4244135618209839	0.17148379981517792	0.18580490350723267	0.8855185508728027	1.0	1	0.0	0	0.0	0	-0.9670019149780273	-0.04456815868616104	-0.2508404552936554	0.023092884570360184	0.9651935696601868	-0.2605152428150177	0.2537202835083008	-0.25771135091781616	-0.9323148131370544
-0.17769618332386017	-0.5584374666213989	-0.35405176877975464	0.8392259478569031	0.9380710124969482	1.0	1	0.0	0	0.0	0	1.6300563743243401e-07	0.2569870352745056	0.9664148688316345	0.0019647926092147827	-0.9664129614830017	0.256986528635025	0.999998152256012	0.0018987631192430854	-0.000505083822645247
0.1769232600927353	-0.6904976963996887	-0.3189346492290497	0.8610877990722656	0.9958987236022949	1.0	1	0.0	0	0.0	0	1.6300563743243401e-07	0.2569870352745056	0.9664148688316345	0.0019647926092147827	-0.9664129614830017	0.256986528635025	0.999998152256012	0.0018987631192430854	-0.000505083822645247
0.1776961088180542	-0.5584374666213989	-0.3540518283843994	0.8392259478569031	0.9960686564445496	1.0	1	0.0	0	0.0	0	1.6300563743243401e-07	0.2569870352745056	0.9664148688316345	0.0019647928420454264	-0.9664130210876465	0.2569865584373474	0.9999980926513672	0.0018987631192430854	-0.000505083822645247
0.32019752264022827	-0.4244135618209839	0.17148379981517792	0.4887228310108185	0.9815472960472107	1.0	1	0.0	0	0.0	0	-0.3858526349067688	-0.20862801373004913	-0.8986613154411316	0.08524850755929947	0.9618643522262573	-0.2599034905433655	0.9186133146286011	-0.17689396440982819	-0.3533526360988617
0.060119275003671646	-0.4704921245574951	0.29384931921958923	0.4769618511199951	0.938683032989502	1.0	1	0.0	0	0.0	0	-0.3858526349067688	-0.20862801373004913	-0.8986613154411316	0.08524850010871887	0.9618642926216125	-0.2599034905433655	0.9186133146286011	-0.17689396440982819	-0.3533526062965393
0.06038188189268112	-0.39755451679229736	0.27680379152297974	0.4887228310108185	0.9376446008682251	1.0	1	0.0	0	0.0	0	-0.3858526349067688	-0.20862801373004913	-0.8986613154411316	0.08524850010871887	0.9618643522262573	-0.2599034905433655	0.9186133146286011	-0.176893949508667	-0.3533526360988617
0.1776961088180542	-0.5584374666213989	-0.3540518283843994	0.1866379827260971	0.975672721862793	1.0	1	0.0	0	0.0	0	-0.7365986108779907	0.17933450639247894	0.6521209478378296	0.005705969873815775	0.9658184051513672	-0.2591567933559418	-0.6763061285018921	-0.187173530459404	-0.7124437093734741
0.3975430727005005	-0.6147600412368774	-0.09023641049861908	0.16709256172180176	0.93357253074646	1.0	1	0.0	0	0.0	0	-0.7365986108779907	0.17933450639247894	0.6521209478378296	0.0057059479877352715	0.9658184051513672	-0.2591567933559418	-0.6763061285018921	-0.18717354536056519	-0.7124437093734741
0.3992796540260315	-0.4987911880016327	-0.12016652524471283	0.1866379678249359	0.9333714842796326	1.0	1	0.0	0	0.0	0	-0.7365986108779907	0.17933450639247894	0.6521209478378296	0.0057059479877352715	0.9658184051513672	-0.2591567933559418	-0.6763061285018921	-0.18717354536056519	-0.7124437093734741
-0.06181754171848297	-0.3759007453918457	0.36171281337738037	0.6292416453361511	0.27863073348999023	1.0	1	0.0	0	0.0	0	8.593879385898617e-08	0.9689862728118896	-0.24711430072784424	-0.0003027360944543034	-0.24711430072784424	-0.9689862728118896	-1.0	7.489370182156563e-05	0.00029332589474506676
-0.3201974630355835	-0.4244135618209839	0.17148393392562866	0.659828782081604	0.32078903913497925	1.0	1	0.0	0	0.0	0	8.593879385898617e-08	0.9689862728118896	-0.24711430072784424	-0.0003027360944543034	-0.24711428582668304	-0.9689862728118896	-1.0	7.489370182156563e-05	0.0002933259238488972
-0.39960309863090515	-0.4108200967311859	0.2247866988182068	0.6512581706047058	0.3337508738040924	1.0	1	0.0	0	0.0	0	8.593879385898617e-08	0.9689862728118896	-0.24711430072784424	-0.00030273612355813384	-0.24711430072784424	-0.9689863324165344	-0.9999999403953552	7.489370182156563e-05	0.0002933259238488972
0.07535600662231445	-0.4444430470466614	0.37307730317115784	0.6314123272895813	0.1662931591272354	1.0	1	0.0	0	0.0	0	-0.9836422801017761	0.04434318095445633	0.17458976805210114	-0.00044571864418685436	0.9686248302459717	-0.2485273778438568	-0.18013246357440948	-0.24453982710838318	-0.9527604579925537
0.06038188189268112	-0.39755451679229736	0.27680379152297974	0.6427072286605835	0.17976848781108856	1.0	1	0.0	0	0.0	0	-0.9836422801017761	0.04434318095445633	0.17458976805210114	-0.00044572228216566145	0.9686247706413269	-0.24852736294269562	-0.18013246357440948	-0.24453984200954437	-0.9527605175971985
0.060119275003671646	-0.4704921245574951	0.29384931921958923	0.6304882168769836	0.18003539741039276	1.0	1	0.0	0	0.0	0	-0.9836422801017761	0.04434318095445633	0.17458976805210114	-0.0004457260074559599	0.9686248302459717	-0.248527392745018	-0.18013247847557068	-0.24453987181186676	-0.9527605772018433
0.07535600662231445	-0.4444430470466614	0.37307730317115784	0.0008903186535462737	0.6773697733879089	1.0	1	0.0	0	0.0	0	9.598244332664763e-08	-0.9499712586402893	0.31233760714530945	0.007408058736473322	-0.3123290240764618	-0.9499450922012329	0.9999725818634033	0.0023139065597206354	0.00703741330653429
0.31880486011505127	-0.5042927265167236	0.1910451352596283	0.031012345105409622	0.7168542742729187	1.0	1	0.0	0	0.0	0	9.598244332664763e-08	-0.9499712586402893	0.31233760714530945	0.007408058736473322	-0.3123290240764618	-0.9499450922012329	0.9999725818634033	0.0023139065597206354	0.00703741330653429
0.3996032178401947	-0.4868100881576538	0.2442183494567871	0.022213421761989594	0.7301033139228821	1.0	1	0.0	0	0.0	0	9.598244332664763e-08	-0.9499712586402893	0.31233760714530945	0.007408058270812035	-0.3123290240764618	-0.9499450922012329	0.9999725818634033	0.0023139065597206354	0.007037412840873003
-0.04953370243310928	-0.3964330554008484	0.2812012732028961	0.6304882764816284	0.1665894240140915	1.0	1	0.0	0	0.0	0	0.9891969561576843	0.03606636822223663	0.14208699762821198	0.0014462475664913654	0.966813862323761	-0.2554779052734375	-0.14658582210540771	0.2529234290122986	0.9563170671463013
-0.061817530542612076	-0.44267404079437256	0.3784576654434204	0.6192731261253357	0.17999586462974548	1.0	1	0.0	0	0.0	0	0.9891969561576843	0.03606636822223663	0.14208699762821198	0.0014462475664913654	0.966813862323761	-0.2554779052734375	-0.14658582210540771	0.2529234290122986	0.9563170671463013
-0.04931825026869774	-0.4690808355808258	0.2981417179107666	0.6183375716209412	0.16623367369174957	1.0	1	0.0	0	0.0	0	0.9891969561576843	0.03606636822223663	0.14208699762821198	0.0014462475664913654	0.9668138027191162	-0.2554778754711151	-0.1465858370065689	0.2529234290122986	0.956317126750946
0.3996031880378723	-0.4108201563358307	0.22478650510311127	0.9912354946136475	0.6476364135742188	1.0	1	0.0	0	0.0	0	0.38518524169921875	0.2286282181739807	0.8940700888633728	0.07368555665016174	0.9581126570701599	-0.2767503261566162	-0.9198928475379944	0.17248019576072693	0.35220426321029663
0.07535600662231445	-0.4444430470466614	0.37307730317115784	0.9801623821258545	0.7000868320465088	1.0	1	0.0	0	0.0	0	0.38518524169921875	0.2286282181739807	0.8940700888633728	0.07368555665016174	0.9581126570701599	-0.2767503261566162	-0.9198928475379944	0.17248019576072693	0.35220426321029663
0.3996032178401947	-0.4868100881576538	0.2442183494567871	0.9786996841430664	0.6466834545135498	1.0	1	0.0	0	0.0	0	0.38518524169921875	0.2286282181739807	0.8940700888633728	0.07368555665016174	0.9581126570701599	-0.2767503261566162	-0.9198928475379944	0.17248019576072693	0.35220426321029663
-0.06777235865592957	-0.30460870265960693	0.4159575402736664	0.7422510981559753	0.1243680864572525	1.0	1	0.0	0	0.0	0	-0.3851848542690277	0.13069748878479004	0.9135376214981079	-0.0343007855117321	0.9872087240219116	-0.15570004284381866	-0.9222018122673035	-0.0913083404302597	-0.3757747709751129
-0.4380965232849121	-0.25168928503990173	0.25224265456199646	0.754524290561676	0.18416443467140198	1.0	1	0.0	0	0.0	0	-0.3851848542690277	0.13069748878479004	0.9135376214981079	-0.0343007929623127	0.9872086644172668	-0.15570002794265747	-0.9222017526626587	-0.0913083404302597	-0.3757747411727905
-0.4380964934825897	-0.3368132412433624	0.26442113518714905	0.7405456900596619	0.18464438617229462	1.0	1	0.0	0	0.0	0	-0.3851848542690277	0.13069748878479004	0.9135376214981079	-0.0343007855117321	0.9872086644172668	-0.15570002794265747	-0.9222018718719482	-0.0913083478808403	-0.3757748007774353
-0.4380964934825897	-0.3368132412433624	0.26442113518714905	0.9738050103187561	0.4607851803302765	1.0	1	0.0	0	0.0	0	-0.9671813249588013	0.035821568220853806	0.2515496015548706	-0.0011123858857899904	0.9894058108329773	-0.14517195522785187	-0.25408491492271423	-0.14068742096424103	-0.9568949341773987
-0.5462973713874817	-0.30974680185317993	-0.15545403957366943	0.9878330826759338	0.5291650891304016	1.0	1	0.0	0	0.0	0	-0.9671813249588013	0.035821568220853806	0.2515496015548706	-0.0011123822769150138	0.9894058108329773	-0.14517194032669067	-0.25408491492271423	-0.14068740606307983	-0.9568949341773987
-0.5462973713874817	-0.4397408664226532	-0.13694241642951965	0.9664127230644226	0.5292574763298035	1.0	1	0.0	0	0.0	0	-0.9671813249588013	0.035821568220853806	0.2515496015548706	-0.0011123860022053123	0.9894058704376221	-0.14517195522785187	-0.2540849447250366	-0.14068742096424103	-0.9568949937820435
-0.5462973713874817	-0.4397408664226532	-0.13694241642951965	0.1009184792637825	0.7468711733818054	1.0	1	0.0	0	0.0	0	-0.7366575598716736	-0.09534094482660294	-0.669511616230011	0.050742875784635544	0.979428768157959	-0.1953062117099762	0.6743595600128174	-0.1778467297554016	-0.7166656851768494
-0.24312523007392883	-0.3563053607940674	-0.4824014902114868	0.11641322076320648	0.7997483611106873	1.0	1	0.0	0	0.0	0	-0.7366575598716736	-0.09534094482660294	-0.669511616230011	0.05074286088347435	0.979428768157959	-0.1953062117099762	0.6743595600128174	-0.17784671485424042	-0.7166656851768494
-0.24312523007392883	-0.5046142935752869	-0.46128174662590027	0.09237579256296158	0.8011078834533691	1.0	1	0.0	0	0.0	0	-0.7366575598716736	-0.09534094482660294	-0.669511616230011	0.05074286460876465	0.979428768157959	-0.1953062117099762	0.6743595600128174	-0.17784671485424042	-0.7166656851768494
-0.24312523007392883	-0.3563053607940674	-0.4824014902114868	0.11641322076320648	0.7997483611106873	1.0	1	0.0	0	0.0	0	-1.2135585336636723e-07	-0.14098142087459564	-0.9900122880935669	0.05583617463707924	0.9884677529335022	-0.14076147973537445	0.9984399676322937	-0.05527851730585098	0.00787174329161644
0.24312511086463928	-0.5046142935752869	-0.46128180623054504	0.09795007854700089	0.8800167441368103	1.0	1	0.0	0	0.0	0	-1.2135585336636723e-07	-0.14098142087459564	-0.9900122880935669	0.055836182087659836	0.9884677529335022	-0.14076147973537445	0.9984399676322937	-0.05527852475643158	0.007871744222939014
-0.24312523007392883	-0.5046142935752869	-0.46128174662590027	0.09237579256296158	0.8011078834533691	1.0	1	0.0	0	0.0	0	-1.2135585336636723e-07	-0.14098142087459564	-0.9900122880935669	0.05583617836236954	0.9884677529335022	-0.14076147973537445	0.9984399676322937	-0.05527852103114128	0.00787174329161644
0.24312511086463928	-0.356305330991745	-0.4824015498161316	0.930682361125946	0.7681722640991211	1.0	1	0.0	0	0.0	0	0.7366572618484497	-0.09534092992544174	-0.6695119738578796	2.5269493164614687e-08	-0.9900122880935669	0.14098134636878967	-0.6762663125991821	-0.1038549393415451	-0.7292996644973755
0.5462973713874817	-0.439740926027298	-0.13694259524345398	0.9547697901725769	0.7136825323104858	1.0	1	0.0	0	0.0	0	0.7366572618484497	-0.09534092992544174	-0.6695119738578796	3.075801657814736e-08	-0.9900122284889221	0.14098134636878967	-0.6762663125991821	-0.1038549616932869	-0.7292997241020203
0.24312511086463928	-0.5046142935752869	-0.46128180623054504	0.9550909996032715	0.7681722640991211	1.0	1	0.0	0	0.0	0	0.7366572618484497	-0.09534092992544174	-0.6695119738578796	2.5269493164614687e-08	-0.9900122880935669	0.14098134636878967	-0.6762663125991821	-0.1038549393415451	-0.7292996644973755
0.4380966126918793	-0.2516893148422241	0.25224244594573975	0.514491856098175	0.4056645631790161	1.0	1	0.0	0	0.0	0	1.0971297825790316e-07	0.9900122880935669	-0.14098136126995087	-0.00019437199807725847	-0.14098136126995087	-0.9900122880935669	-1.0	2.7511443477123976e-05	0.00019241517293266952
0.4377419054508209	-0.30671238899230957	-0.1341456174850464	0.5769900679588318	0.4057100713253021	1.0	1	0.0	0	0.0	0	1.0971297825790316e-07	0.9900122880935669	-0.14098136126995087	-0.00019437199807725847	-0.14098136126995087	-0.9900122284889221	-1.0	2.7511447115102783e-05	0.00019241520203649998
0.35104185342788696	-0.26019155979156494	0.19253715872764587	0.5241491794586182	0.4198701083660126	1.0	1	0.0	0	0.0	0	1.0971297825790316e-07	0.9900122880935669	-0.14098136126995087	-0.00019437199807725847	-0.14098136126995087	-0.9900122880935669	-1.0	2.7511443477123976e-05	0.00019241517293266952
0.5462973713874817	-0.3097468316555023	-0.15545423328876495	0.9333754181861877	0.7136825323104858	1.0	1	0.0	0	0.0	0	0.9671813249588013	0.035821542143821716	0.25154921412467957	7.206063301623544e-09	-0.9900122880935669	0.14098139107227325	0.25408700108528137	-0.13635456562042236	-0.957521378993988
0.43809664249420166	-0.3368132412433624	0.2644209563732147	0.9463676810264587	0.6466834545135498	1.0	1	0.0	0	0.0	0	0.9671813249588013	0.035821542143821716	0.25154921412467957	1.0809094952435316e-08	-0.9900122284889221	0.14098137617111206	0.25408700108528137	-0.13635456562042236	-0.9575214385986328
0.5462973713874817	-0.439740926027298	-0.13694259524345398	0.9547697901725769	0.7136825323104858	1.0	1	0.0	0	0.0	0	0.9671813249588013	0.035821542143821716	0.25154921412467957	7.206064189801964e-09	-0.9900122880935669	0.14098139107227325	0.25408700108528137	-0.13635456562042236	-0.957521378993988
-0.4380964934825897	-0.3368132412433624	0.26442113518714905	0.024943657219409943	0.42288270592689514	1.0	1	0.0	0	0.0	0	0.033167656511068344	-0.966541588306427	0.25435662269592285	0.0057870191521942616	-0.2543066442012787	-0.9671063423156738	0.9994330406188965	0.033548615872859955	-0.002841360867023468
-0.4358380436897278	-0.4366532564163208	-0.11526012420654297	0.08758459240198135	0.42288050055503845	1.0	1	0.0	0	0.0	0	0.033167656511068344	-0.966541588306427	0.25435662269592285	0.005787018686532974	-0.2543066442012787	-0.967106282711029	0.9994331002235413	0.03354861959815025	-0.0028413617983460426
-0.3495149612426758	-0.34956973791122437	0.20439627766609192	0.03482403606176376	0.4372888505458832	1.0	1	0.0	0	0.0	0	0.033167656511068344	-0.966541588306427	0.25435662269592285	0.0057870191521942616	-0.2543066442012787	-0.967106282711029	0.9994331002235413	0.03354861959815025	-0.0028413613326847553
-0.24312523007392883	-0.3563053607940674	-0.4824014902114868	0.6333203911781311	0.5168173313140869	1.0	1	0.0	0	0.0	0	-7.967002346731533e-08	0.9900122880935669	-0.14098139107227325	-0.00019446005171630532	-0.14098139107227325	-0.9900122284889221	-1.0	2.73363730229903e-05	0.00019252907077316195
0.19481341540813446	-0.34401920437812805	-0.39612478017807007	0.6193651556968689	0.44534793496131897	1.0	1	0.0	0	0.0	0	-7.967002346731533e-08	0.9900122880935669	-0.14098139107227325	-0.00019446008082013577	-0.14098139107227325	-0.9900122284889221	-1.0	2.7336378479958512e-05	0.0001925290998769924
0.24312511086463928	-0.356305330991745	-0.4824015498161316	0.6333203911781311	0.43746063113212585	1.0	1	0.0	0	0.0	0	-7.967002346731533e-08	0.9900122880935669	-0.14098139107227325	-0.00019446008082013577	-0.14098139107227325	-0.9900122284889221	-1.0	2.7336378479958512e-05	0.0001925290998769924
0.0826149433851242	-0.23072370886802673	0.39946889877319336	0.49067798256874084	0.4636843800544739	1.0	1	0.0	0	0.0	0	-2.1971715113977552e-07	0.9900122284889221	-0.1409817337989807	-0.0001950575242517516	-0.1409817337989807	-0.9900122284889221	-1.0	2.728202161961235e-05	0.0001931402803165838
0.35104185342788696	-0.26019155979156494	0.19253715872764587	0.5241491794586182	0.4198701083660126	1.0	1	0.0	0	0.0	0	-2.1971715113977552e-07	0.9900122284889221	-0.1409817337989807	-0.00019505753880366683	-0.1409817337989807	-0.9900122284889221	-1.0	2.7282027076580562e-05	0.0001931403239723295
0.06619841605424881	-0.24339209496974945	0.31050804257392883	0.5050674080848694	0.4663607180118561	1.0	1	0.0	0	0.0	0	-2.1971715113977552e-07	0.9900122284889221	-0.1409817337989807	-0.0001950575242517516	-0.1409817337989807	-0.9900122284889221	-1.0	2.7282025257591158e-05	0.00019314030942041427
-0.4380965232849121	-0.25168928503990173	0.25224265456199646	0.5144917964935303	0.5486604571342468	1.0	1	0.0	0	0.0	0	3.48899845903361e-07	0.9900122880935669	-0.1409815102815628	-0.00019373920804355294	-0.1409815102815628	-0.9900122880935669	-1.0	2.765905810520053e-05	0.00019175498164258897
-0.4377419054508209	-0.30671241879463196	-0.13414546847343445	0.5769900679588318	0.5485902428627014	1.0	1	0.0	0	0.0	0	3.48899845903361e-07	0.9900122880935669	-0.1409815102815628	-0.00019373920804355294	-0.1409815102815628	-0.9900122284889221	-1.0	2.765905810520053e-05	0.00019175498164258897
-0.5462973713874817	-0.30974680185317993	-0.15545403957366943	0.5804367065429688	0.566305935382843	1.0	1	0.0	0	0.0	0	3.48899845903361e-07	0.9900122880935669	-0.1409815102815628	-0.00019373917893972248	-0.1409814953804016	-0.9900121688842773	-1.0	2.765905810520053e-05	0.00019175498164258897
0.24312511086463928	-0.356305330991745	-0.4824015498161316	0.6333203911781311	0.43746063113212585	1.0	1	0.0	0	0.0	0	1.3461489345445443e-07	0.9900122880935669	-0.140981525182724	-0.0001947293058037758	-0.140981525182724	-0.9900122880935669	-1.0	2.758650043688249e-05	0.00019276540842838585
0.4377419054508209	-0.30671238899230957	-0.1341456174850464	0.5769900679588318	0.4057100713253021	1.0	1	0.0	0	0.0	0	1.3461489345445443e-07	0.9900122880935669	-0.140981525182724	-0.0001947293058037758	-0.140981525182724	-0.9900122880935669	-1.0	2.758650043688249e-05	0.00019276540842838585
0.5462973713874817	-0.3097468316555023	-0.15545423328876495	0.5804367065429688	0.3879929780960083	1.0	1	0.0	0	0.0	0	1.3461489345445443e-07	0.9900122880935669	-0.140981525182724	-0.0001947293058037758	-0.140981525182724	-0.9900122284889221	-1.0	2.75865058938507e-05	0.0001927654375322163
-0.24312523007392883	-0.3563053607940674	-0.4824014902114868	0.6333203911781311	0.5168173313140869	1.0	1	0.0	0	0.0	0	-2.468541424605064e-07	0.9900121688842773	-0.140981525182724	-0.00019526912365108728	-0.140981525182724	-0.9900121688842773	-1.0	2.7284953830530867e-05	0.00019335364049766213
-0.4377419054508209	-0.30671241879463196	-0.13414546847343445	0.5769900679588318	0.5485902428627014	1.0	1	0.0	0	0.0	0	-2.468541424605064e-07	0.9900121688842773	-0.140981525182724	-0.00019526916730683297	-0.1409815400838852	-0.9900122284889221	-1.0	2.728495564952027e-05	0.00019335365504957736
-0.19481350481510162	-0.34401920437812805	-0.3961247205734253	0.6193651556968689	0.5089355707168579	1.0	1	0.0	0	0.0	0	-2.468541424605064e-07	0.9900121688842773	-0.140981525182724	-0.00019526915275491774	-0.1409815400838852	-0.9900122284889221	-1.0	2.7284953830530867e-05	0.00019335364049766213
-0.05406903102993965	-0.32387682795524597	0.32529255747795105	0.7299786806106567	0.9840298891067505	1.0	1	0.0	0	0.0	0	0.3858506679534912	-0.11010827124118805	-0.9159669280052185	-0.08905977755784988	0.9837694764137268	-0.15577518939971924	0.9182525277137756	0.14168179035186768	0.3697819411754608
-0.3510417938232422	-0.26019155979156494	0.192537322640419	0.7431192994117737	0.9383253455162048	1.0	1	0.0	0	0.0	0	0.3858506679534912	-0.11010827124118805	-0.9159669280052185	-0.08905978500843048	0.9837695956230164	-0.15577520430088043	0.9182525277137756	0.14168179035186768	0.3697819113731384
-0.05430523306131363	-0.24269065260887146	0.31543368101119995	0.7431192994117737	0.9851463437080383	1.0	1	0.0	0	0.0	0	0.3858506679534912	-0.11010827124118805	-0.9159669280052185	-0.08905978500843048	0.9837695360183716	-0.15577520430088043	0.9182524681091309	0.14168179035186768	0.3697819113731384
-0.19481350481510162	-0.34401920437812805	-0.3961247205734253	0.8944422602653503	0.8807227611541748	1.0	1	0.0	0	0.0	0	0.7369992733001709	0.10622872412204742	0.6674935221672058	0.03270554170012474	0.9808101058006287	-0.1922028660774231	-0.6751018166542053	0.1634841114282608	0.7193820476531982
-0.4358380436897278	-0.4366532564163208	-0.11526012420654297	0.873056173324585	0.9224411249160767	1.0	1	0.0	0	0.0	0	0.7369992733001709	0.10622872412204742	0.6674935221672058	0.03270554915070534	0.9808101654052734	-0.1922028809785843	-0.6751018166542053	0.1634840965270996	0.7193819880485535
